	logFC	AveExpr	t	P.Value	adj.P.Val	B
nRPLC_343.2853_9.8	-11419.3343	20772.1674	-4.286517314	6.87E-05	0.02217573	-4.595119197
nRPLC_257.176_8.5	-105595.6073	214789.2928	-3.790934814	0.000357125	0.057675734	-4.59511932
nHILIC_88.0403_8.9	147423.8683	1015446.518	3.562412407	0.000738261	0.079486055	-4.595119376
nRPLC_315.2541_9.4	-14760.12081	56377.95161	-3.449903102	0.001046336	0.080219723	-4.595119403
pRPLC_180.0654_2	-296546.3516	681871.0519	-3.353508085	0.001403892	0.080219723	-4.595119426
nRPLC_153.0193_2.1	-36364.83496	62065.44194	-3.33376893	0.00149015	0.080219723	-4.59511943
nHILIC_204.0665_5.1	-84115.76138	400519.9293	-3.270565187	0.001801253	0.083114981	-4.595119445
nRPLC_187.134_7.5	-50882.86349	170386.1852	-3.045240583	0.003481768	0.140576402	-4.595119498
pHILIC_147.1126_15.9	447917.6911	5191700.498	2.920233714	0.004959555	0.166520425	-4.595119526
pHILIC_400.3413_5.6	91572.63373	643314.553	2.860826169	0.005849517	0.166520425	-4.595119539
pHILIC_157.0607_8.3	-25064.84738	106796.2058	-2.857556826	0.005902542	0.166520425	-4.59511954
nHILIC_188.0023_1.6	-639443.2393	1078910.571	-2.840496863	0.006186517	0.166520425	-4.595119543
nHILIC_335.0495_8.3	4194058.242	36984349.68	2.738236962	0.008170071	0.202994845	-4.595119566
nRPLC_204.0666_4.3	-20996.03111	32287.89117	-2.710493359	0.008800998	0.203051601	-4.595119572
nHILIC_277.2171_1	142948.8006	424530.6369	2.553867219	0.013277898	0.275803916	-4.595119605
pRPLC_286.2015_4.3	171517.6128	670957.042	2.542785736	0.013662113	0.275803916	-4.595119607
nHILIC_132.0302_8.3	-12571.57782	92473.61358	-2.50936771	0.014882524	0.282767954	-4.595119614
nHILIC_191.0197_11.2	-2478730.281	30011678.72	-2.458975281	0.01690966	0.303434454	-4.595119624
nRPLC_187.007_2.3	-4972809.193	15462662.74	-2.360750096	0.021588457	0.336625257	-4.595119644
pHILIC_133.097_16.1	195016.2225	2020690.096	2.359306187	0.021665117	0.336625257	-4.595119644
pHILIC_360.2736_6.1	155536.2593	262801.2958	2.354210435	0.021937604	0.336625257	-4.595119645
nRPLC_415.3217_11.4	-49086.48147	347658.102	-2.336152016	0.022928036	0.336625257	-4.595119649
nRPLC_229.1445_7.4	-58286.5769	124292.793	-2.247862118	0.028366112	0.385558931	-4.595119666
nHILIC_88.988_11	-54248.87516	174355.1881	-2.243702816	0.028648342	0.385558931	-4.595119667
nHILIC_168.0276_10.3	12988.12511	62851.91295	2.191139167	0.032434578	0.419054745	-4.595119677
nRPLC_313.2386_9.1	-10572.57159	91736.83579	-2.104331558	0.039653592	0.480276279	-4.595119693
nRPLC_407.2804_9.2	-249566.2578	346069.3406	-2.098917806	0.040146934	0.480276279	-4.595119694
pHILIC_114.0661_2.5	-6580988.594	80664064.8	-2.048183968	0.045035488	0.51951652	-4.595119703
nRPLC_165.0556_2.3	-11766.60201	62337.84155	-1.987781589	0.051519539	0.54914786	-4.595119714
nRPLC_450.2624_9.5	24885.99083	78465.21236	1.980665872	0.052333783	0.54914786	-4.595119715
nRPLC_315.2539_9.7	-5442.818255	15786.0278	-1.977456769	0.052704593	0.54914786	-4.595119715
nRPLC_429.3008_10.3	42671.08563	405042.3254	1.954013182	0.055482424	0.554777772	-4.59511972
pRPLC_382.2719_9.6	-8189.158474	43398.18163	-1.933879937	0.05796698	0.554777772	-4.595119723
pRPLC_424.3421_9.2	61466.80298	417422.2805	1.930465126	0.05839766	0.554777772	-4.595119724
nHILIC_235.0723_6.5	-45179.74386	117442.6439	-1.900456577	0.062300945	0.574948726	-4.595119729
pHILIC_189.1345_14.4	247792.4838	1448866.948	1.877422374	0.065445272	0.575905503	-4.595119733
nRPLC_313.2385_10.3	31153.45328	282950.6552	1.873665755	0.065970599	0.575905503	-4.595119733
pHILIC_104.1069_6.6	697332.9509	11635017.96	1.847117124	0.06978568	0.593178284	-4.595119738
nHILIC_133.0506_4.4	-51217.99533	139539.7815	-1.832358601	0.071985714	0.596189379	-4.59511974
pHILIC_146.0811_7.5	-377295.7734	982818.4984	-1.814700163	0.074694316	0.597597762	-4.595119743
nRPLC_172.9914_0.9	671734.8321	2135737.321	1.798095215	0.077318724	0.597597762	-4.595119746
pHILIC_276.1548_13.2	7175.581497	63378.46643	1.774674965	0.081150902	0.597597762	-4.595119749
nRPLC_267.233_10.6	141311.9514	869097.0643	1.774221658	0.081226608	0.597597762	-4.59511975
pRPLC_478.2927_9.7	628982.6271	4573301.709	1.77087094	0.081788032	0.597597762	-4.59511975
nHILIC_135.0299_7.9	-212410.3688	2407129.241	-1.735472726	0.087918662	0.597597762	-4.595119756
pHILIC_160.0967_7.5	-460587.2364	785004.5613	-1.718655912	0.090961733	0.597597762	-4.595119758
pRPLC_195.0875_4.6	994317.5145	3818701.557	1.713757895	0.091864215	0.597597762	-4.595119759
nRPLC_391.2856_9.5	138419.9714	482897.5623	1.711782128	0.092230342	0.597597762	-4.595119759
nRPLC_391.2856_9.2	345167.0544	465038.7276	1.70358565	0.093762081	0.597597762	-4.595119761
nHILIC_151.0261_4.3	101096.2269	1043289.068	1.701629153	0.094130784	0.597597762	-4.595119761
nHILIC_160.0615_10.7	20973.63911	120313.3898	1.691932728	0.095975719	0.597597762	-4.595119762
pRPLC_265.1184_2.6	-174739.2653	846476.1065	-1.684005571	0.097505982	0.597597762	-4.595119764
nHILIC_257.0777_2.2	-93777.80343	1315278.483	-1.664952392	0.101265931	0.597597762	-4.595119767
nRPLC_307.2644_11	176610.247	1219216.118	1.653959572	0.103488608	0.597597762	-4.595119768
pHILIC_302.3046_1.8	22485.79736	264429.775	1.651993091	0.103890381	0.597597762	-4.595119769
nRPLC_311.2957_11.4	-40199.58348	190792.9322	-1.643938701	0.105549268	0.597597762	-4.59511977
pHILIC_428.3736_5.5	16731.15923	126970.5918	1.630722484	0.108317937	0.597597762	-4.595119772
nHILIC_131.0349_5.1	-18836.5804	202170.9034	-1.617780504	0.111086003	0.597597762	-4.595119774
pHILIC_205.0969_6.7	649800.7688	11944967.71	1.613805126	0.111947676	0.597597762	-4.595119774
nHILIC_168.0778_10.2	-118661.3932	447658.1045	-1.603014886	0.114313771	0.597597762	-4.595119776
pRPLC_526.2924_9.8	386918.779	2469983.755	1.602129203	0.114509764	0.597597762	-4.595119776
pHILIC_175.1188_15.1	1011988.385	17484937.45	1.592764517	0.11659872	0.597597762	-4.595119777
nHILIC_133.0506_2.3	-109961.1796	223199.6302	-1.589203274	0.117401132	0.597597762	-4.595119778
nHILIC_279.2328_1	524185.8335	3885609.033	1.582199801	0.118992105	0.597597762	-4.595119779
nRPLC_299.2228_9.3	-6613.072534	19336.67222	-1.569271367	0.121974549	0.597597762	-4.595119781
nRPLC_295.2642_11.1	57006.63047	376908.7081	1.568691289	0.122109759	0.597597762	-4.595119781
pRPLC_504.3082_10	29941.535	196372.2471	1.558598758	0.12448151	0.600112356	-4.595119782
pHILIC_150.0581_7	133694.7935	2073442.461	1.533630363	0.130507594	0.607591908	-4.595119786
nHILIC_281.2484_1	612050.3631	4673805.38	1.532833302	0.130703722	0.607591908	-4.595119786
pHILIC_585.2694_4.9	930608.2127	2428303.084	1.518659475	0.134230712	0.607591908	-4.595119788
nHILIC_146.0458_7.6	27501.69908	698513.3048	1.514499987	0.135279959	0.607591908	-4.595119789
nRPLC_271.228_10.3	42067.42676	643841.6582	1.505388134	0.137601168	0.607591908	-4.59511979
pRPLC_550.3864_10.7	-36625.48734	243745.2669	-1.500230213	0.138929026	0.607591908	-4.595119791
nHILIC_118.0509_8.9	97334.44897	1720321.037	1.499180024	0.139200623	0.607591908	-4.595119791
nRPLC_335.2957_11.7	4369.180154	24218.42715	1.460118394	0.149603571	0.644292714	-4.595119796
pHILIC_158.1174_6.2	-334709.7654	678154.6109	-1.443934437	0.154088082	0.646624449	-4.595119798
pRPLC_312.2171_5.4	19929.6088	66194.49795	1.443587998	0.154185213	0.646624449	-4.595119798
nHILIC_243.0621_3.4	-1003132.43	16655944.09	-1.425602736	0.159293543	0.646624449	-4.595119801
pRPLC_552.402_11.1	-11471.23533	76548.27459	-1.419909407	0.160937698	0.646624449	-4.595119802
nHILIC_224.0617_4.8	569236.7771	2422167.86	1.419249053	0.161129247	0.646624449	-4.595119802
nHILIC_209.0302_11	-39215.60075	229930.0001	-1.415717671	0.162156595	0.646624449	-4.595119802
nHILIC_212.0022_3	3560056.97	22695327.38	1.394611776	0.168402732	0.66081987	-4.595119805
pRPLC_538.3863_10.8	-14319.09655	135532.9332	-1.379104469	0.173108874	0.66081987	-4.595119807
nRPLC_305.2486_10.7	156145.1447	1587458.567	1.378469434	0.173303722	0.66081987	-4.595119807
pRPLC_438.2976_10.2	-17730.21364	132975.0206	-1.370936666	0.175627848	0.66081987	-4.595119808
pRPLC_244.1544_1.7	-2601.37144	10982.99271	-1.369911937	0.175945848	0.66081987	-4.595119808
pRPLC_480.3446_10.3	-95676.37484	1218864.88	-1.349172148	0.182476964	0.671283984	-4.595119811
pHILIC_161.1283_16.4	555856.8875	2205279.465	1.347884311	0.182888516	0.671283984	-4.595119811
pRPLC_352.2248_8.5	-14985.51772	151049.7129	-1.33974868	0.18550473	0.67294682	-4.595119812
nHILIC_87.0087_4.4	704294.6829	5682328.823	1.33357654	0.187508402	0.67294682	-4.595119813
nHILIC_133.0142_10.4	-90258.24412	1297653.116	-1.318174047	0.192579961	0.683553049	-4.595119815
nHILIC_121.0505_3.5	-109079.5722	167536.541	-1.305216531	0.196925994	0.69138148	-4.595119816
pHILIC_218.1384_7.3	366899.6257	2099216.466	1.295264653	0.200313625	0.693174509	-4.595119818
pHILIC_288.2161_5.8	1927661.91	4862097.912	1.291144589	0.201728804	0.693174509	-4.595119818
nRPLC_215.1288_6.8	-3368.566657	11718.41252	-1.268771992	0.209544193	0.70070442	-4.595119821
nHILIC_130.0509_8.8	17374.96042	170675.1913	1.255830203	0.214166643	0.70070442	-4.595119822
nRPLC_465.249_8.3	-17391.34469	93361.65222	-1.253876866	0.214870824	0.70070442	-4.595119823
pHILIC_203.1501_13.6	90970.34662	2596276.425	1.250250814	0.216182557	0.70070442	-4.595119823
nRPLC_201.1133_5.9	-3437.460654	12523.11172	-1.24899826	0.216637043	0.70070442	-4.595119823
pRPLC_368.2795_7.7	84963.24504	340942.6377	1.240650129	0.219684167	0.70070442	-4.595119824
pHILIC_249.1077_10.8	-145476.2301	1794339.39	-1.236602752	0.221172795	0.70070442	-4.595119825
pHILIC_229.1181_10.9	-27152.31061	304574.2774	-1.236325389	0.22127508	0.70070442	-4.595119825
nRPLC_367.1582_8.7	756708.4052	4015907.465	1.227013091	0.224729454	0.704734113	-4.595119826
pRPLC_314.2328_6.1	178644.0826	591771.677	1.216648211	0.228620573	0.709526146	-4.595119827
pHILIC_132.0766_9	89201.72345	650232.2067	1.205227027	0.232964975	0.709526146	-4.595119828
pHILIC_731.6033_5.7	279033.0435	3218588.186	1.202563738	0.233986622	0.709526146	-4.595119829
nRPLC_357.2801_11.2	9113.693473	66188.09619	1.19738629	0.23598202	0.709526146	-4.595119829
pRPLC_572.3708_10.3	-34484.89787	219100.6854	-1.194136102	0.237240941	0.709526146	-4.59511983
nRPLC_225.186_10	35485.35902	228031.4663	1.179551608	0.242949995	0.713311591	-4.595119831
nRPLC_188.0352_3.1	-2103.635966	18329.50918	-1.177498266	0.243761661	0.713311591	-4.595119831
pHILIC_372.31_5.6	52144.19909	317261.4612	1.169062814	0.247116607	0.713311591	-4.595119832
nRPLC_239.0924_7.1	-2069261.004	7175989.715	-1.168503457	0.247340242	0.713311591	-4.595119833
nRPLC_263.1289_6.8	14391.38494	50639.46615	1.140996929	0.258517354	0.735309921	-4.595119836
pRPLC_494.324_9.5	648048.6768	5882375.851	1.13497318	0.261012286	0.735309921	-4.595119836
nHILIC_188.9862_0.9	-1830465.729	3191715.35	-1.125206312	0.265093764	0.735309921	-4.595119837
nRPLC_369.1741_9.5	1398562.692	7819695.369	1.124438264	0.265416626	0.735309921	-4.595119837
nRPLC_367.1585_8.9	2618839.798	16687513.19	1.122220046	0.266350653	0.735309921	-4.595119838
pRPLC_232.1543_0.9	-29352.24328	276014.895	-1.08571157	0.282057249	0.763642271	-4.595119841
nRPLC_619.2888_11.3	66532.88304	651104.4588	1.072370906	0.287954336	0.763642271	-4.595119843
pRPLC_269.2264_10.4	54641.56738	760101.2928	1.067322784	0.290207893	0.763642271	-4.595119843
nRPLC_395.1897_10	37654.03135	198157.0006	1.063637649	0.291860662	0.763642271	-4.595119844
pHILIC_170.0923_8.5	-129199.9955	1912130.961	-1.059630072	0.293665396	0.763642271	-4.595119844
pRPLC_426.3576_9.5	34965.6579	577595.0461	1.058673966	0.294097093	0.763642271	-4.595119844
nHILIC_425.0806_12.4	-23858.83852	208739.292	-1.055185346	0.295675956	0.763642271	-4.595119845
pRPLC_676.417_10.7	-6207.82689	26935.99688	-1.054707844	0.295892514	0.763642271	-4.595119845
nHILIC_274.1407_13.3	8132.113971	159590.9858	1.050311631	0.297891412	0.763642271	-4.595119845
pRPLC_260.1858_3.3	49507.10594	108705.1808	1.044209449	0.300681298	0.764724875	-4.595119846
nRPLC_448.3069_9.4	796283.3969	2748728.037	1.035467519	0.304709093	0.767778111	-4.595119847
pRPLC_100.0756_1.2	60967.20056	265107.1539	1.031313528	0.30663584	0.767778111	-4.595119847
pHILIC_130.0862_7.6	-204012.7801	1454206.591	-1.025876217	0.309170317	0.768169325	-4.595119848
pRPLC_510.3913_10.9	-25376.82828	208545.1427	-1.009153682	0.317053935	0.770992558	-4.595119849
pHILIC_189.1596_18.3	-148071.1643	1036108.176	-1.005391741	0.318845929	0.770992558	-4.59511985
pRPLC_370.2952_8.2	121873.4446	611998.8972	0.999787355	0.321528159	0.770992558	-4.59511985
nRPLC_253.2172_10.3	1040561.646	10702815.24	0.998859612	0.321973626	0.770992558	-4.59511985
nHILIC_174.056_3.8	-50425.70789	420063.0143	-0.988281241	0.327082164	0.770992558	-4.595119851
nRPLC_271.2279_9.6	26475.67684	439410.6617	0.988105751	0.327167365	0.770992558	-4.595119851
nRPLC_163.0765_7.4	-10898.0357	69815.83598	-0.980439346	0.330903859	0.770992558	-4.595119852
nRPLC_285.2071_9.2	-4056.507623	64261.08162	-0.974277252	0.333927623	0.770992558	-4.595119853
pRPLC_508.376_10.5	-42541.61468	673426.8715	-0.969267685	0.336399267	0.770992558	-4.595119853
nHILIC_128.0352_7.6	1631776.801	6963662.009	0.968485799	0.336786124	0.770992558	-4.595119853
nHILIC_274.1407_12.3	11795.69816	282251.1332	0.966537489	0.337751375	0.770992558	-4.595119853
pRPLC_352.1657_3.7	5115.985524	71262.06823	0.964122643	0.338950289	0.770992558	-4.595119854
nRPLC_117.0557_0.6	-98559.67369	738494.0048	-0.931208221	0.355570318	0.785074077	-4.595119857
nRPLC_333.2799_11.2	4976.706234	52369.03311	0.929204638	0.356598779	0.785074077	-4.595119857
nHILIC_111.0199_3.4	-3042.179837	86880.19592	-0.926215057	0.358136935	0.785074077	-4.595119857
pHILIC_247.1437_5.3	-1394355.061	2621663.107	-0.917542216	0.362623345	0.785074077	-4.595119858
nHILIC_130.0872_6.3	246763.076	5575696.502	0.917264246	0.362767731	0.785074077	-4.595119858
nRPLC_149.0607_4.6	-22855.24093	84867.43717	-0.913052092	0.364960182	0.785074077	-4.595119858
nHILIC_327.2328_1	29892.45141	201766.3402	0.904827338	0.369265631	0.785074077	-4.595119859
nHILIC_131.0461_9.7	-4358.339963	129253.5249	-0.902613727	0.370429912	0.785074077	-4.595119859
nRPLC_495.2962_9.1	206095.8682	182685.2467	0.901772318	0.370873075	0.785074077	-4.595119859
nRPLC_597.3048_11.9	-4067.105948	27022.9539	-0.899957113	0.371830279	0.785074077	-4.595119859
nRPLC_131.0714_1.6	-12585.22688	158492.3732	-0.894791823	0.374562657	0.785074077	-4.59511986
nHILIC_481.244_5.2	6242.527035	64678.17963	0.89022294	0.376990128	0.785074077	-4.59511986
nHILIC_74.0246_9.6	-2366.488165	61607.62623	-0.886731827	0.378851666	0.785074077	-4.595119861
nRPLC_225.186_9.8	245736.4809	1043341.098	0.881938861	0.381416816	0.785074077	-4.595119861
pHILIC_139.0501_7.6	12733.30957	167093.596	0.877142857	0.383994508	0.785074077	-4.595119861
pRPLC_288.2172_5.1	318870.4601	745682.5637	0.87257087	0.386461956	0.785074077	-4.595119862
nHILIC_157.0366_6.1	-872017.1213	1528246.154	-0.872444409	0.386530346	0.785074077	-4.595119862
pRPLC_468.3085_9.3	351196.9499	4268869.744	0.867511023	0.38920424	0.785074077	-4.595119862
nRPLC_197.1547_9	56581.99748	165913.1986	0.856126229	0.395418723	0.785074077	-4.595119863
nHILIC_181.0506_6.2	-45766.63378	858903.1782	-0.852942995	0.397167263	0.785074077	-4.595119863
pRPLC_286.1439_8.4	-308636.8192	1702466.522	-0.851534588	0.397942421	0.785074077	-4.595119864
pRPLC_647.5116_11.7	-41403.55695	332816.0262	-0.85031672	0.398613463	0.785074077	-4.595119864
nRPLC_377.2698_9.2	3926.853293	16875.18504	0.83948674	0.404611453	0.787746862	-4.595119865
pRPLC_342.2639_7.2	79578.60662	504975.683	0.837640436	0.405639494	0.787746862	-4.595119865
nRPLC_197.1547_9.1	21340.4692	188550.5826	0.834687436	0.407287077	0.787746862	-4.595119865
nRPLC_369.1729_8.9	93825.20983	775755.5392	0.822218193	0.414289125	0.791518725	-4.595119866
nHILIC_120.0124_7.6	23497.24738	594852.6518	0.818749418	0.416249914	0.791518725	-4.595119866
pHILIC_892.6501_5	-51654.10336	212875.3413	-0.818150904	0.416588803	0.791518725	-4.595119866
nRPLC_309.2801_11.4	91500.88832	1040582.328	0.811520066	0.420354451	0.794002852	-4.595119867
pRPLC_344.2796_7.8	89218.98311	447862.8718	0.803911441	0.424700559	0.797548142	-4.595119867
nHILIC_302.1148_6.5	-10386.26036	78872.66527	-0.785122037	0.435547953	0.799858939	-4.595119869
nRPLC_409.3322_11.2	2922.333955	25299.81616	0.779897946	0.438592784	0.799858939	-4.595119869
pHILIC_282.119_6.7	14071.5081	531899.9303	0.77607206	0.440830619	0.799858939	-4.59511987
nHILIC_154.0621_9.6	-23861.60653	1226337.488	-0.767259578	0.446010676	0.799858939	-4.59511987
nRPLC_526.2939_9.9	17588.21094	259172.4341	0.761303473	0.44953178	0.799858939	-4.595119871
nRPLC_448.3067_8.6	115447.6194	369779.5057	0.760066244	0.450265223	0.799858939	-4.595119871
pRPLC_204.0655_4.8	22696.11363	37921.95332	0.759619216	0.450530397	0.799858939	-4.595119871
pHILIC_298.1139_4.7	2312.702018	56185.47682	0.758763378	0.451038327	0.799858939	-4.595119871
pRPLC_496.3395_10	3187406.418	102883850.1	0.75723919	0.451943739	0.799858939	-4.595119871
pHILIC_583.2539_5.3	126583.3972	1276779.87	0.754719181	0.453443007	0.799858939	-4.595119871
nRPLC_187.0976_5.4	5135.589469	118928.9746	0.754256198	0.453718769	0.799858939	-4.595119871
nRPLC_498.2892_10.3	290561.8691	831927.5526	0.748767812	0.456995151	0.799858939	-4.595119872
nHILIC_174.0883_10.1	-45879.66447	1090872.541	-0.740772442	0.461792431	0.799858939	-4.595119872
pHILIC_144.1018_6.7	-2072801.747	10549250.03	-0.738063256	0.463424482	0.799858939	-4.595119872
nRPLC_329.2487_10.7	193340.2577	2448193.416	0.737203881	0.46394287	0.799858939	-4.595119872
pRPLC_181.0719_3.4	278562.6334	3073212.265	0.727546651	0.469790975	0.799858939	-4.595119873
pRPLC_316.2484_6.6	495183.4567	1648468.356	0.72224659	0.4730182	0.799858939	-4.595119874
pHILIC_258.1097_10.8	-256364.7878	1185231.152	-0.720210438	0.47426134	0.799858939	-4.595119874
pHILIC_182.081_7.7	165302.542	4899020.657	0.718815494	0.475114063	0.799858939	-4.595119874
pRPLC_546.3545_10.1	207841.7644	3865798.052	0.715450994	0.477174313	0.799858939	-4.595119874
nHILIC_188.0716_2.1	3034527.028	4395583.384	0.714211972	0.477934289	0.799858939	-4.595119874
pHILIC_229.1181_10.5	-7519.563228	128365.5789	-0.708862851	0.481223047	0.801211568	-4.595119874
pRPLC_502.2927_9.7	162764.9247	3704877.41	0.699747933	0.486856103	0.802225896	-4.595119875
nRPLC_359.2957_11.5	2531.601104	37424.17802	0.696277928	0.489010148	0.802225896	-4.595119875
nRPLC_297.2799_11.7	2835.545425	43208.15477	0.695838527	0.489283286	0.802225896	-4.595119875
nHILIC_89.0243_5.8	735890.2198	23780146.53	0.689448256	0.493265084	0.80325072	-4.595119876
pHILIC_178.0532_7.5	40268.71061	133996.4023	0.679323507	0.49961013	0.80325072	-4.595119877
nHILIC_179.0348_2.2	-6617.341527	63069.00637	-0.677315871	0.50087355	0.80325072	-4.595119877
nRPLC_331.2644_10.9	63656.59879	1033602.788	0.677292885	0.500888025	0.80325072	-4.595119877
nRPLC_539.2494_7	29315.95369	549152.5418	0.674985008	0.502342556	0.80325072	-4.595119877
nHILIC_114.0559_7.8	68864.18473	994250.0425	0.668532106	0.506421603	0.805784126	-4.595119877
pRPLC_524.3708_10.6	1137868.481	29427006.91	0.662849425	0.510028517	0.807148654	-4.595119878
nHILIC_124.0073_8.7	-61267.76216	2429154.709	-0.653929711	0.515717729	0.807148654	-4.595119878
nHILIC_116.0716_7.3	121933.056	3766753.36	0.653724571	0.515848969	0.807148654	-4.595119878
nHILIC_287.052_8.1	3865.211391	102302.7059	0.651497595	0.517274834	0.807148654	-4.595119878
pHILIC_189.1233_8.4	-2427.209144	96600.42971	-0.642920322	0.522786097	0.809676458	-4.595119879
pHILIC_137.0457_3.1	-227821.0261	4419357.38	-0.641179683	0.523908296	0.809676458	-4.595119879
pRPLC_286.1439_8.5	-175160.5782	1563966.387	-0.621468944	0.536703751	0.824853997	-4.59511988
nRPLC_315.2541_9.2	-1264.503275	22907.61293	-0.611344672	0.543338175	0.824853997	-4.595119881
nHILIC_238.0929_7.3	7617.99201	316698.6835	0.609123469	0.544799311	0.824853997	-4.595119881
nRPLC_327.2538_10.5	1922.706611	21267.85294	0.607811991	0.545662957	0.824853997	-4.595119881
nRPLC_183.139_8.5	-6954.919277	122073.0092	-0.606545413	0.546497695	0.824853997	-4.595119881
pHILIC_118.0861_7	-1170967.093	42849878.27	-0.6024307	0.549213968	0.825098194	-4.595119881
nRPLC_312.2546_10.4	796.0742738	11562.55723	0.577379877	0.565896895	0.842825307	-4.595119883
nRPLC_201.1133_6.3	1785.468733	23040.5968	0.575567688	0.567113364	0.842825307	-4.595119883
nHILIC_104.0352_9.7	-7728.924766	290381.7643	-0.572490985	0.569181603	0.842825307	-4.595119883
nHILIC_87.045_4.2	-3606.82444	104976.8444	-0.567459526	0.572571819	0.842825307	-4.595119883
pRPLC_312.1305_2.8	1073.566138	21958.73144	0.565254629	0.574060581	0.842825307	-4.595119884
pRPLC_544.3392_9.8	-650787.9113	16170110.27	-0.559893037	0.577688591	0.844314095	-4.595119884
nHILIC_191.0561_8.5	183360.385	1606099.887	0.549121329	0.585010727	0.851164255	-4.595119884
pRPLC_359.3154_11	-103129.0539	2586970.687	-0.541533407	0.590195087	0.854856561	-4.595119885
nRPLC_297.2797_11.2	-1560.064106	31020.80135	-0.532598355	0.59632754	0.859883015	-4.595119885
nRPLC_227.2017_10.2	65566.19793	1634500.713	0.526578967	0.60047558	0.860949714	-4.595119886
pRPLC_508.3397_9.9	23260.3779	582521.2439	0.52379545	0.602398252	0.860949714	-4.595119886
nRPLC_411.127_3.6	-899.2730389	18222.68352	-0.519777572	0.605178547	0.861113086	-4.595119886
pHILIC_166.0861_6.2	-158288.9576	6614955.604	-0.49850788	0.61999401	0.878265249	-4.595119887
pRPLC_380.2561_9.4	-15432.69274	601867.975	-0.493100396	0.62378631	0.878265249	-4.595119887
pRPLC_153.0658_1.2	27123.56161	453526.2698	0.490817908	0.625390115	0.878265249	-4.595119887
nHILIC_512.2684_5.7	-45084.91467	533325.6768	-0.486657834	0.628317898	0.878557061	-4.595119888
nRPLC_377.2696_10.5	5367.936142	69705.09962	0.47654878	0.635457434	0.87929425	-4.595119888
nHILIC_214.0488_7.2	7725.476683	443265.9167	0.475891683	0.635922725	0.87929425	-4.595119888
nRPLC_514.2853_8.8	8689.778798	54353.7264	0.474354285	0.637011933	0.87929425	-4.595119888
nRPLC_257.1759_8.8	4351.775291	97108.78831	0.466416604	0.642648351	0.883299648	-4.595119889
nRPLC_199.0976_5.6	1319.971535	23883.04146	0.45918764	0.647799959	0.884073103	-4.595119889
pRPLC_510.3554_10.3	-79341.47412	2439219.973	-0.457947861	0.648685218	0.884073103	-4.595119889
nHILIC_176.0387_4.9	-2757.65531	130083.99	-0.450265968	0.654181759	0.887818101	-4.595119889
pHILIC_219.0795_5	-42921.96062	1338485.639	-0.443311249	0.659174649	0.887876232	-4.59511989
nRPLC_439.3792_11.1	3129.642671	51972.29661	0.442113614	0.66003603	0.887876232	-4.59511989
nRPLC_129.0558_1	215670.0605	8754608.815	0.435221101	0.66500233	0.887876232	-4.59511989
nRPLC_355.2643_10.9	3444.772353	53620.14601	0.434336207	0.665641027	0.887876232	-4.59511989
nHILIC_218.1032_6.5	-28600.18008	518930.6094	-0.43096337	0.668077746	0.887876232	-4.59511989
nRPLC_455.2472_11	17049.5718	235125.6878	0.42053584	0.675633784	0.887876232	-4.595119891
pHILIC_785.6497_5.6	-197238.6212	7030581.859	-0.420399532	0.675732781	0.887876232	-4.595119891
nRPLC_295.2279_9.6	-5126.450428	161557.6787	-0.419735217	0.676215335	0.887876232	-4.595119891
pHILIC_147.0763_9.7	-6310.988008	506458.2817	-0.405810956	0.686360976	0.897548969	-4.595119891
nRPLC_182.0458_1	-4736.121714	45604.80611	-0.383796708	0.70251954	0.911095855	-4.595119892
nRPLC_508.3404_10.6	3149.443109	135360.2586	0.382367173	0.703573708	0.911095855	-4.595119892
nRPLC_385.332_10.8	-1353.933309	18994.00544	-0.373198775	0.710348491	0.911095855	-4.595119893
pRPLC_482.324_9.7	44488.66363	1732281.462	0.371304235	0.711751373	0.911095855	-4.595119893
nRPLC_478.2939_10.1	-35019.15794	1215212.302	-0.361225915	0.719230967	0.911095855	-4.595119893
nRPLC_206.0821_3.4	550.0762531	9790.596352	0.360097943	0.720069823	0.911095855	-4.595119893
pRPLC_777.6945_7.2	3877.3721	191125.0835	0.35893617	0.720934177	0.911095855	-4.595119893
pHILIC_216.1227_7	124512.0603	762570.58	0.35783704	0.721752263	0.911095855	-4.595119893
nRPLC_365.2333_9.7	1169.703597	158948.6131	0.357360665	0.722106931	0.911095855	-4.595119893
pRPLC_261.1446_0.8	-962.3663889	33397.95875	-0.351715314	0.72631463	0.91283901	-4.595119893
pRPLC_580.4347_11.8	2054.37497	24427.33699	0.342837929	0.732948412	0.913130349	-4.595119894
nRPLC_215.1652_8.1	1139.26464	39632.44733	0.34103728	0.734296498	0.913130349	-4.595119894
nRPLC_301.2173_10.3	-100785.166	1932586.209	-0.340061309	0.735027526	0.913130349	-4.595119894
nRPLC_275.2017_10	10207.55216	269008.7333	0.325962264	0.745615256	0.918543463	-4.595119894
nHILIC_105.0192_7.8	22698.98937	942400.8846	0.325345995	0.746079188	0.918543463	-4.595119894
pHILIC_269.1239_8.3	8023.490057	230643.6595	0.31878312	0.751025606	0.918543463	-4.595119894
nRPLC_151.04_2.3	-9621.604555	91622.01634	-0.317250937	0.752181928	0.918543463	-4.595119894
pRPLC_153.0658_1.7	6634.308434	150536.4591	0.315367964	0.75360377	0.918543463	-4.595119895
pRPLC_454.2927_9.9	-34212.64846	1116301.294	-0.302924268	0.763021409	0.926525996	-4.595119895
pRPLC_313.1548_3.5	-561.1831417	18563.764	-0.297676792	0.767003708	0.927448352	-4.595119895
pHILIC_104.0705_8.1	3869.645145	178495.3617	0.284755217	0.776836608	0.927448352	-4.595119895
nHILIC_296.0378_11	-40156.62837	2542773.674	-0.284699504	0.776879084	0.927448352	-4.595119895
nRPLC_172.098_2.8	-413.5656757	12369.94445	-0.282137415	0.778833204	0.927448352	-4.595119896
nHILIC_195.051_8.7	52641.5458	1817566.058	0.278777604	0.781397925	0.927448352	-4.595119896
nHILIC_504.3095_5.8	4046.812823	88503.13879	0.277095378	0.782682976	0.927448352	-4.595119896
pRPLC_166.0724_1.2	651.7182066	61498.74643	0.272573512	0.78614023	0.927448352	-4.595119896
nRPLC_464.3015_8.8	42324.84012	464609.7223	0.271774141	0.786751853	0.927448352	-4.595119896
nRPLC_215.1653_8.4	4247.280239	156814.4842	0.262334336	0.793984639	0.931573026	-4.595119896
nRPLC_355.2852_11	1182.008167	25111.65916	0.259683444	0.796019056	0.931573026	-4.595119896
nRPLC_514.2838_9.6	29487.22016	215118.6876	0.249463757	0.803875319	0.93737086	-4.595119896
nHILIC_177.0339_6.7	-16971.12155	1177043.787	-0.234770829	0.81520584	0.944471802	-4.595119897
nRPLC_512.2683_10.8	-13248.60609	218703.7084	-0.233984835	0.815813105	0.944471802	-4.595119897
nRPLC_313.2385_9.9	903.6302572	41858.38641	0.230049658	0.818855151	0.944607906	-4.595119897
pRPLC_181.0718_3.1	-63145.19378	1674057.626	-0.21472718	0.830726285	0.954702795	-4.595119897
nHILIC_581.2411_5.9	-3267.607859	78024.93643	-0.211131883	0.833517611	0.954702795	-4.595119897
nHILIC_163.04_1.4	2742.107541	168679.1171	0.19989572	0.842254898	0.958812017	-4.595119898
pRPLC_548.3709_10.4	-6867.897256	414861.0115	-0.195260249	0.845865339	0.958812017	-4.595119898
pHILIC_280.1384_8	-2688.36578	113956.7408	-0.194862808	0.846175051	0.958812017	-4.595119898
nHILIC_197.0679_1.4	-62524.10962	2032769.979	-0.191265945	0.848979062	0.958812017	-4.595119898
nRPLC_415.3217_10.9	-913.6473881	53309.72722	-0.186431213	0.852751162	0.958961925	-4.595119898
pRPLC_568.339_9.8	81854.40006	4513647.169	0.17089454	0.86489599	0.958961925	-4.595119898
pRPLC_261.1446_1	-664.3245123	54787.23429	-0.168730217	0.866590485	0.958961925	-4.595119898
nRPLC_539.2489_8.8	-13993.54207	235101.8481	-0.167998855	0.867163226	0.958961925	-4.595119898
nRPLC_528.309_10.2	1072.81472	48721.30827	0.167889216	0.867249093	0.958961925	-4.595119898
pHILIC_249.1078_10.4	-19159.64676	2943735.532	-0.166758059	0.868135079	0.958961925	-4.595119898
nHILIC_239.0164_12.1	-65039.2342	5083456.672	-0.161411385	0.872325173	0.958961925	-4.595119898
pRPLC_520.3396_9.8	-619973.3404	61529589.88	-0.159569837	0.873769219	0.958961925	-4.595119898
pHILIC_290.1594_11	-5197.896359	123116.7576	-0.152090508	0.879638503	0.958961925	-4.595119898
nHILIC_303.2327_1	6009.505524	328483.4524	0.146122087	0.884327016	0.958961925	-4.595119898
nRPLC_299.2228_9.6	-291.8898009	18168.71194	-0.14581976	0.884564622	0.958961925	-4.595119898
pHILIC_542.3221_6	75209.88641	4521086.674	0.144622201	0.885505916	0.958961925	-4.595119898
nHILIC_167.0349_1.3	9521.616987	293588.3846	0.141821696	0.887707789	0.958961925	-4.595119898
pRPLC_675.5429_12.6	-89020.1697	7455825.941	-0.129359248	0.897516824	0.963905355	-4.595119899
pHILIC_290.1593_10.7	187636.6545	2704936.565	0.128425594	0.898252358	0.963905355	-4.595119899
nRPLC_187.1339_7.1	2436.493467	215494.5428	0.116664575	0.907525176	0.970631231	-4.595119899
nRPLC_465.2489_8.6	-3003.358019	191730.3481	-0.09682659	0.923194837	0.976155159	-4.595119899
pHILIC_813.6806_5.6	-56623.4478	8827325.603	-0.096262674	0.923640741	0.976155159	-4.595119899
nRPLC_165.0418_1.9	-2441.757709	162631.2308	-0.094775495	0.924816813	0.976155159	-4.595119899
pRPLC_162.1123_0.6	2408.316829	585089.6074	0.093685317	0.92567904	0.976155159	-4.595119899
nHILIC_115.0399_2	-46410.40074	13028284.93	-0.091003195	0.927800724	0.976155159	-4.595119899
nHILIC_197.0678_4.1	-22918.74538	1586440.511	-0.085846471	0.9318814	0.977265235	-4.595119899
pRPLC_482.3238_10.5	6432.045131	840792.3442	0.069630745	0.944724873	0.986857922	-4.595119899
nRPLC_285.2072_9.6	-965.7689656	141908.5779	-0.06461524	0.948700492	0.986857922	-4.595119899
nRPLC_441.3947_11.3	1421.724837	134920.897	0.057967444	0.953971974	0.986857922	-4.595119899
nHILIC_181.0367_6.8	10105.4575	1069288.342	0.056779117	0.954914502	0.986857922	-4.595119899
pRPLC_506.3601_10.4	-671.3713581	159582.6401	-0.053589318	0.957444826	0.986857922	-4.595119899
pHILIC_703.5724_5.7	53702.18384	14962213.57	0.04516012	0.964133377	0.986857922	-4.595119899
nRPLC_283.0822_2.4	-634.9839833	48638.36972	-0.043479935	0.965466926	0.986857922	-4.595119899
nRPLC_441.395_11.2	558.9797478	62046.77074	0.043474917	0.965470908	0.986857922	-4.595119899
nRPLC_299.2227_9.9	64.43543839	14990.91304	0.03941641	0.968692513	0.987027387	-4.595119899
nRPLC_391.2856_9.8	2307.891768	539671.4722	0.026521006	0.978931979	0.992127116	-4.595119899
nRPLC_351.254_10.3	-193.8399892	63611.9664	-0.023814032	0.981081936	0.992127116	-4.595119899
nRPLC_375.254_10.2	71.63860567	30466.27766	0.016220133	0.987113928	0.992127116	-4.595119899
pRPLC_295.1292_1.3	34.53875487	34756.48492	0.016109527	0.987201791	0.992127116	-4.595119899
nHILIC_243.0621_5.8	-1655.269134	3687435.503	-0.01377602	0.989055515	0.992127116	-4.595119899
pHILIC_146.1175_11	-1005.614272	1835176.067	-0.008737896	0.993057965	0.993057965	-4.5951199
