""	"logFC"	"AveExpr"	"t"	"P.Value"	"adj.P.Val"	"B"
"nRPLC_343.2853_9.8"	-11419.3342963973	20772.1673991833	-4.28651731402854	6.86555100397187e-05	0.0221757297428291	-4.59511919725499
"nRPLC_257.176_8.5"	-105595.607283884	214789.2927605	-3.79093481381347	0.000357125289403963	0.0576757342387399	-4.59511932009357
"nHILIC_88.0403_8.9"	147423.868270536	1015446.51773833	3.56241240732569	0.000738260573670225	0.0794860550984943	-4.59511937577322
"nRPLC_315.2541_9.4"	-14760.1208135268	56377.9516143333	-3.44990310231279	0.00104633589423375	0.0802197227132664	-4.59511940283123
"pRPLC_180.0654_2"	-296546.351565178	681871.051928333	-3.35350808508996	0.00140389220451069	0.0802197227132664	-4.59511942578881
"nRPLC_153.0193_2.1"	-36364.834960625	62065.4419418333	-3.33376893009702	0.00149014964792445	0.0802197227132664	-4.59511943046194
"nHILIC_204.0665_5.1"	-84115.7613785714	400519.929251667	-3.27056518679468	0.00180125344813081	0.0831149805351788	-4.5951194453567
"nRPLC_187.134_7.5"	-50882.8634905357	170386.185244333	-3.04524058282453	0.00348176848292178	0.140576402497967	-4.59511949751568
"pHILIC_147.1126_15.9"	447917.691125	5191700.49776667	2.92023371405798	0.00495955527386996	0.166520425228534	-4.59511952573146
"pHILIC_400.3413_5.6"	91572.6337299107	643314.55295	2.86082616908551	0.00584951710811869	0.166520425228534	-4.59511953893815
"pHILIC_157.0607_8.3"	-25064.8473750893	106796.205815667	-2.85755682610029	0.0059025424723806	0.166520425228534	-4.59511953966097
"nHILIC_188.0023_1.6"	-639443.239295089	1078910.571295	-2.84049686330159	0.00618651734595172	0.166520425228534	-4.59511954342589
"nHILIC_335.0495_8.3"	4194058.24218749	36984349.68	2.73823696202458	0.00817007115061695	0.202994844742252	-4.59511956574419
"nRPLC_204.0666_4.3"	-20996.031106625	32287.8911686333	-2.71049335900519	0.00880099820700283	0.203051601490137	-4.59511957172292
"nHILIC_277.2171_1"	142948.800553482	424530.636932333	2.55386721855757	0.0132778982017304	0.275803916247937	-4.59511960482271
"pRPLC_286.2015_4.3"	171517.612759821	670957.04201	2.54278573569021	0.0136621134983498	0.275803916247937	-4.59511960712068
"nHILIC_132.0302_8.3"	-12571.57781625	92473.613578	-2.50936771030044	0.014882523920592	0.282767954491248	-4.59511961401395
"nHILIC_191.0197_11.2"	-2478730.28142857	30011678.718	-2.45897528136935	0.0169096599775811	0.30343445404215	-4.5951196243025
"nRPLC_187.007_2.3"	-4972809.19308035	15462662.7371667	-2.36075009577901	0.0215884573598916	0.336625256886428	-4.59511964397675
"pHILIC_133.097_16.1"	195016.222504464	2020690.09596667	2.3593061871187	0.0216651167546071	0.336625256886428	-4.5951196442621
"pHILIC_360.2736_6.1"	155536.259321786	262801.295844	2.35421043542573	0.0219376041395689	0.336625256886428	-4.59511964526824
"nRPLC_415.3217_11.4"	-49086.4814741071	347658.101981667	-2.33615201584978	0.0229280360727598	0.336625256886428	-4.59511964882231
"nRPLC_229.1445_7.4"	-58286.576900625	124292.7930155	-2.24786211768556	0.0283661122493423	0.385558930511952	-4.59511966593533
"nHILIC_88.988_11"	-54248.875159375	174355.188131667	-2.24370281619587	0.0286483415860274	0.385558930511952	-4.59511966673052
"nHILIC_168.0276_10.3"	12988.1251102232	62851.9129495	2.19113916667947	0.0324345777963245	0.419054745128513	-4.59511967669234
"nRPLC_313.2386_9.1"	-10572.5715888839	91736.8357936667	-2.10433155796699	0.0396535921672517	0.480276278583581	-4.59511969278039
"nRPLC_407.2804_9.2"	-249566.25777	346069.340631	-2.09891780580057	0.0401469335038907	0.480276278583581	-4.59511969376836
"pHILIC_114.0661_2.5"	-6580988.59446428	80664064.7995	-2.04818396756407	0.0450354877723399	0.519516519659492	-4.59511970293708
"nRPLC_165.0556_2.3"	-11766.6020130803	62337.841551	-1.98778158933026	0.0515195386253843	0.549147860360015	-4.59511971363781
"nRPLC_450.2624_9.5"	24885.9908327678	78465.212362	1.98066587241826	0.0523337826752612	0.549147860360015	-4.59511971488272
"nRPLC_315.2539_9.7"	-5442.81825548214	15786.0278024333	-1.9774567692292	0.0527045934091656	0.549147860360015	-4.59511971544307
"nRPLC_429.3008_10.3"	42671.0856316964	405042.325433333	1.95401318202352	0.0554824237509071	0.554777771905545	-4.59511971951586
"pRPLC_382.2719_9.6"	-8189.15847419643	43398.1816323333	-1.93387993739496	0.0579669800857168	0.554777771905545	-4.59511972298425
"pRPLC_424.3421_9.2"	61466.8029803571	417422.280505	1.93046512611308	0.0583976602005837	0.554777771905545	-4.59511972356983
"nHILIC_235.0723_6.5"	-45179.7438567857	117442.643909	-1.90045657734798	0.0623009454985078	0.574948725600515	-4.59511972868171
"pHILIC_189.1345_14.4"	247792.483758928	1448866.94796667	1.87742237449822	0.0654452715074811	0.575905502557629	-4.59511973256379
"nRPLC_313.2385_10.3"	31153.4532790178	282950.6552	1.87366575482195	0.0659705993641866	0.575905502557629	-4.59511973319344
"pHILIC_104.1069_6.6"	697332.950910712	11635017.9618667	1.84711712410217	0.069785680458764	0.593178283899494	-4.59511973761543
"nHILIC_133.0506_4.4"	-51217.9953256696	139539.781491667	-1.83235860149422	0.0719857144774735	0.596189378877537	-4.59511974005235
"pHILIC_146.0811_7.5"	-377295.773357143	982818.498425	-1.81470016347514	0.0746943162627179	0.597597761593777	-4.59511974294797
"nRPLC_172.9914_0.9"	671734.832085267	2135737.32128	1.79809521526182	0.0773187243813194	0.597597761593777	-4.5951197456507
"pHILIC_276.1548_13.2"	7175.58149714285	63378.4664288333	1.77467496452048	0.0811509017742438	0.597597761593777	-4.59511974942926
"nRPLC_267.233_10.6"	141311.951368303	869097.064316667	1.77422165786302	0.081226607820284	0.597597761593777	-4.59511974950201
"pRPLC_478.2927_9.7"	628982.627124999	4573301.70938333	1.7708709400668	0.0817880315320262	0.597597761593777	-4.59511975003928
"nHILIC_135.0299_7.9"	-212410.36884375	2407129.2412	-1.73547272620503	0.0879186619419452	0.597597761593777	-4.59511975566553
"pHILIC_160.0967_7.5"	-460587.236394464	785004.561258667	-1.71865591163555	0.0909617332835741	0.597597761593777	-4.59511975830642
"pRPLC_195.0875_4.6"	994317.514484821	3818701.55706333	1.71375789549612	0.0918642150323386	0.597597761593777	-4.5951197590717
"nRPLC_391.2856_9.5"	138419.971391071	482897.562263333	1.71178212822335	0.09223034196192	0.597597761593777	-4.5951197593799
"nRPLC_391.2856_9.2"	345167.054443437	465038.727605667	1.70358564979296	0.0937620806854608	0.597597761593777	-4.59511976065538
"nHILIC_151.0261_4.3"	101096.226884821	1043289.06804333	1.70162915262031	0.0941307840518571	0.597597761593777	-4.5951197609591
"nHILIC_160.0615_10.7"	20973.6391066518	120313.389846167	1.69193272788689	0.0959757193681926	0.597597761593777	-4.59511976246018
"pRPLC_265.1184_2.6"	-174739.265300893	846476.106455	-1.68400557119959	0.0975059815673013	0.597597761593777	-4.59511976368217
"nHILIC_257.0777_2.2"	-93777.8034285715	1315278.48318333	-1.66495239194279	0.101265930971679	0.597597761593777	-4.5951197666001
"nRPLC_307.2644_11"	176610.247043303	1219216.11751	1.65395957228639	0.103488607762526	0.597597761593777	-4.59511976827123
"pHILIC_302.3046_1.8"	22485.7973647321	264429.775018333	1.65199309146467	0.103890381416713	0.597597761593777	-4.59511976856922
"nRPLC_311.2957_11.4"	-40199.5834833482	190792.9321915	-1.6439387013251	0.105549267724684	0.597597761593777	-4.5951197697867
"pHILIC_428.3736_5.5"	16731.159231875	126970.591813667	1.63072248386606	0.108317937231168	0.597597761593777	-4.59511977177377
"nHILIC_131.0349_5.1"	-18836.5804040179	202170.903366667	-1.61778050417823	0.111086002539535	0.597597761593777	-4.59511977370677
"pHILIC_205.0969_6.7"	649800.768776784	11944967.7098	1.61380512563472	0.111947676305402	0.597597761593777	-4.59511977429796
"nHILIC_168.0778_10.2"	-118661.393248928	447658.1045195	-1.6030148860147	0.114313770557517	0.597597761593777	-4.59511977589653
"pRPLC_526.2924_9.8"	386918.778991071	2469983.75545	1.60212920319358	0.114509763929862	0.597597761593777	-4.59511977602735
"pHILIC_175.1188_15.1"	1011988.38495535	17484937.449	1.59276451669068	0.116598719730523	0.597597761593777	-4.59511977740686
"nHILIC_133.0506_2.3"	-109961.179603348	223199.630184167	-1.58920327354338	0.117401131550921	0.597597761593777	-4.5951197779297
"nHILIC_279.2328_1"	524185.83349107	3885609.03293333	1.58219980097293	0.118992105430106	0.597597761593777	-4.59511977895504
"nRPLC_299.2228_9.3"	-6613.07253360714	19336.6722151833	-1.56927136734504	0.121974549167375	0.597597761593777	-4.59511978083788
"nRPLC_295.2642_11.1"	57006.6304656249	376908.708098333	1.56869128924028	0.122109759334951	0.597597761593777	-4.59511978092206
"pRPLC_504.3082_10"	29941.5349975892	196372.247052167	1.55859875764136	0.124481510426567	0.600112356235539	-4.59511978238243
"pHILIC_150.0581_7"	133694.793508929	2073442.4613	1.53363036310638	0.130507593909738	0.607591907705381	-4.59511978596118
"nHILIC_281.2484_1"	612050.363107143	4673805.37971667	1.53283330243412	0.130703722455456	0.607591907705381	-4.59511978607462
"pHILIC_585.2694_4.9"	930608.21273125	2428303.08369833	1.51865947548019	0.134230711913686	0.607591907705381	-4.59511978808355
"nHILIC_146.0458_7.6"	27501.6990848214	698513.304766667	1.51449998650541	0.135279958698669	0.607591907705381	-4.59511978867009
"nRPLC_271.228_10.3"	42067.4267553571	643841.658168333	1.50538813353573	0.137601168433231	0.607591907705381	-4.59511978995019
"pRPLC_550.3864_10.7"	-36625.4873410714	243745.26693	-1.50023021254601	0.138929025567279	0.607591907705381	-4.5951197906719
"nHILIC_118.0509_8.9"	97334.4489732142	1720321.03658333	1.49918002414861	0.139200622817951	0.607591907705381	-4.59511979081859
"nRPLC_335.2957_11.7"	4369.18015399999	24218.4271527167	1.46011839435262	0.149603571329339	0.644292713858353	-4.59511979621218
"pHILIC_158.1174_6.2"	-334709.765374553	678154.61088	-1.44393443684358	0.154088082145324	0.646624448584374	-4.59511979841099
"pRPLC_312.2171_5.4"	19929.6088029018	66194.4979466667	1.44358799778103	0.15418521254759	0.646624448584374	-4.59511979845784
"nHILIC_243.0621_3.4"	-1003132.43040178	16655944.0928333	-1.42560273595605	0.159293543411998	0.646624448584374	-4.59511980087607
"pRPLC_552.402_11.1"	-11471.2353346875	76548.2745915	-1.41990940654995	0.160937697603309	0.646624448584374	-4.59511980163611
"nHILIC_224.0617_4.8"	569236.777102231	2422167.86037	1.41924905334687	0.161129246505643	0.646624448584374	-4.59511980172409
"nHILIC_209.0302_11"	-39215.6007451339	229930.0000645	-1.41571767063848	0.162156595465431	0.646624448584374	-4.595119802194
"nHILIC_212.0022_3"	3560056.96982589	22695327.3752167	1.39461177589604	0.168402732068412	0.660819870249562	-4.59511980498129
"pRPLC_538.3863_10.8"	-14319.0965514286	135532.933167333	-1.37910446931565	0.173108873867432	0.660819870249562	-4.59511980700595
"nRPLC_305.2486_10.7"	156145.144717857	1587458.56704833	1.37846943417354	0.173303722030937	0.660819870249562	-4.59511980708845
"pRPLC_438.2976_10.2"	-17730.2136350893	132975.0206045	-1.37093666576115	0.175627848415331	0.660819870249562	-4.59511980806441
"pRPLC_244.1544_1.7"	-2601.37144032143	10982.9927050667	-1.36991193719409	0.175945847806385	0.660819870249562	-4.59511980819681
"pRPLC_480.3446_10.3"	-95676.3748433035	1218864.879705	-1.3491721481848	0.182476963969847	0.671283984381154	-4.5951198108579
"pHILIC_161.1283_16.4"	555856.887502679	2205279.46507167	1.34788431081103	0.18288851586855	0.671283984381154	-4.59511981102196
"pRPLC_352.2248_8.5"	-14985.5177236607	151049.7129075	-1.33974868033964	0.185504730348093	0.672946820093806	-4.59511981205522
"nHILIC_87.0087_4.4"	704294.682928571	5682328.82296667	1.33357653985977	0.187508401883723	0.672946820093806	-4.59511981283542
"nHILIC_133.0142_10.4"	-90258.2441160714	1297653.11598333	-1.31817404747358	0.192579961086474	0.683553048691551	-4.59511981476854
"nHILIC_121.0505_3.5"	-109079.572233884	167536.5409805	-1.30521653107695	0.196925994354869	0.691381480180681	-4.59511981637941
"pHILIC_218.1384_7.3"	366899.625681696	2099216.46556	1.29526465306354	0.200313625104123	0.693174508671412	-4.59511981760703
"pHILIC_288.2161_5.8"	1927661.90993303	4862097.9115	1.29114458892582	0.201728804381154	0.693174508671412	-4.59511981811281
"nRPLC_215.1288_6.8"	-3368.56665712946	11718.4125199833	-1.26877199212729	0.209544193328947	0.700704419757615	-4.59511982083427
"nHILIC_130.0509_8.8"	17374.9604228125	170675.191311333	1.25583020251068	0.214166642532174	0.700704419757615	-4.59511982238915
"nRPLC_465.249_8.3"	-17391.3446888839	93361.652222	-1.25387686556127	0.214870823644358	0.700704419757615	-4.59511982262259
"pHILIC_203.1501_13.6"	90970.3466249997	2596276.4252	1.25025081428012	0.216182556650329	0.700704419757615	-4.59511982305508
"nRPLC_201.1133_5.9"	-3437.46065412946	12523.1117161667	-1.24899825980343	0.216637042816886	0.700704419757615	-4.59511982320421
"pRPLC_368.2795_7.7"	84963.2450395535	340942.637741333	1.24065012866559	0.21968416699829	0.700704419757615	-4.59511982419474
"pHILIC_249.1077_10.8"	-145476.230133929	1794339.39008333	-1.2366027516331	0.221172794831584	0.700704419757615	-4.59511982467283
"pHILIC_229.1181_10.9"	-27152.3106120536	304574.27737	-1.23632538888458	0.221275079923457	0.700704419757615	-4.59511982470554
"nRPLC_367.1582_8.7"	756708.405223214	4015907.46533333	1.22701309071483	0.224729453882171	0.704734112659623	-4.59511982579999
"pRPLC_314.2328_6.1"	178644.082566071	591771.676981667	1.21664821101666	0.228620573104399	0.709526146302711	-4.59511982700938
"pHILIC_132.0766_9"	89201.7234473213	650232.206726667	1.20522702690523	0.232964975347903	0.709526146302711	-4.59511982833131
"pHILIC_731.6033_5.7"	279033.043531249	3218588.18646667	1.20256373791557	0.233986621868666	0.709526146302711	-4.59511982863795
"nRPLC_357.2801_11.2"	9113.69347258927	66188.096193	1.19738628992632	0.235982019803401	0.709526146302711	-4.5951198292323
"pRPLC_572.3708_10.3"	-34484.8978708928	219100.685396	-1.19413610170018	0.23724094055942	0.709526146302711	-4.59511982960423
"nRPLC_225.186_10"	35485.3590207589	228031.46629	1.1795516083799	0.242949995283208	0.713311591036506	-4.59511983126189
"nRPLC_188.0352_3.1"	-2103.63596580357	18329.5091796667	-1.17749826573785	0.243761660736162	0.713311591036506	-4.59511983149379
"pHILIC_372.31_5.6"	52144.1990906249	317261.461165	1.16906281414594	0.247116607353278	0.713311591036506	-4.59511983244262
"nRPLC_239.0924_7.1"	-2069261.0041308	7175989.71505167	-1.16850345668161	0.247340242093154	0.713311591036506	-4.59511983250532
"nRPLC_263.1289_6.8"	14391.384938158	50639.4661504117	1.14099692864597	0.258517354204438	0.735309921384023	-4.59511983555478
"pRPLC_494.324_9.5"	648048.676825893	5882375.85111667	1.13497318031582	0.261012286214945	0.735309921384023	-4.59511983621374
"nHILIC_188.9862_0.9"	-1830465.72921919	3191715.34956167	-1.12520631184349	0.265093764159402	0.735309921384023	-4.59511983727541
"nRPLC_369.1741_9.5"	1398562.69154241	7819695.36894167	1.12443826420566	0.265416626390425	0.735309921384023	-4.59511983735854
"nRPLC_367.1585_8.9"	2618839.79790178	16687513.1869167	1.12222004599524	0.266350652637556	0.735309921384023	-4.59511983759834
"pRPLC_232.1543_0.9"	-29352.2432781249	276014.894976667	-1.0857115701019	0.282057248739942	0.763642271451052	-4.59511984148264
"nRPLC_619.2888_11.3"	66532.8830366071	651104.458768333	1.07237090600653	0.287954335873523	0.763642271451052	-4.5951198428725
"pRPLC_269.2264_10.4"	54641.567380357	760101.292751667	1.06732278414682	0.29020789314828	0.763642271451052	-4.59511984339429
"nRPLC_395.1897_10"	37654.0313493749	198157.000558	1.06363764868563	0.291860662151702	0.763642271451052	-4.59511984377376
"pHILIC_170.0923_8.5"	-129199.995549107	1912130.9606	-1.05963007208745	0.293665396379784	0.763642271451052	-4.59511984418507
"pRPLC_426.3576_9.5"	34965.6578950892	577595.046141667	1.05867396553801	0.294097092586798	0.763642271451052	-4.59511984428298
"nHILIC_425.0806_12.4"	-23858.8385226339	208739.291974833	-1.05518534626907	0.295675956432169	0.763642271451052	-4.59511984463955
"pRPLC_676.417_10.7"	-6207.82689009821	26935.9968837333	-1.0547078439931	0.295892514402618	0.763642271451052	-4.59511984468827
"nHILIC_274.1407_13.3"	8132.11397142855	159590.98583	1.05031163082221	0.29789141239267	0.763642271451052	-4.59511984513587
"pRPLC_260.1858_3.3"	49507.1059393749	108705.180801833	1.04420944946164	0.300681297731652	0.764724875333256	-4.59511984575429
"nRPLC_448.3069_9.4"	796283.396879911	2748728.03732167	1.0354675185857	0.304709093081321	0.767778110966163	-4.59511984663441
"pRPLC_100.0756_1.2"	60967.2005636607	265107.153851333	1.03131352754861	0.30663583998339	0.767778110966163	-4.59511984705021
"pHILIC_130.0862_7.6"	-204012.780125893	1454206.590715	-1.02587621665888	0.309170316684885	0.768169325301676	-4.59511984759213
"pRPLC_510.3913_10.9"	-25376.8282837054	208545.142691667	-1.00915368153167	0.317053934993117	0.77099255811747	-4.59511984924212
"pHILIC_189.1596_18.3"	-148071.164347768	1036108.17643	-1.00539174088449	0.318845928626461	0.77099255811747	-4.59511984960982
"pRPLC_370.2952_8.2"	121873.444594196	611998.897221667	0.999787354996819	0.32152815930338	0.77099255811747	-4.59511985015524
"nRPLC_253.2172_10.3"	1040561.64578571	10702815.2353	0.998859612399471	0.32197362607577	0.77099255811747	-4.59511985024525
"nHILIC_174.056_3.8"	-50425.7078928571	420063.014291667	-0.98828124128929	0.327082163712932	0.77099255811747	-4.59511985126608
"nRPLC_271.2279_9.6"	26475.6768406249	439410.661656667	0.988105750988548	0.32716736486352	0.77099255811747	-4.59511985128294
"nRPLC_163.0765_7.4"	-10898.035696875	69815.8359825	-0.980439345662785	0.330903858910965	0.77099255811747	-4.59511985201629
"nRPLC_285.2071_9.2"	-4056.50762308035	64261.0816223333	-0.974277251596783	0.333927623135011	0.77099255811747	-4.59511985260187
"pRPLC_508.376_10.5"	-42541.6146772322	673426.871481667	-0.969267685025431	0.336399267259621	0.77099255811747	-4.59511985307538
"nHILIC_128.0352_7.6"	1631776.80075893	6963662.00858333	0.968485799286155	0.336786124355679	0.77099255811747	-4.59511985314908
"nHILIC_274.1407_12.3"	11795.6981616071	282251.133226667	0.966537489444721	0.337751374555206	0.77099255811747	-4.59511985333248
"pRPLC_352.1657_3.7"	5115.98552433035	71262.0682333333	0.964122642759565	0.33895028870799	0.77099255811747	-4.59511985355932
"nRPLC_117.0557_0.6"	-98559.673690625	738494.004823333	-0.931208221376902	0.355570318097894	0.785074077022115	-4.59511985659795
"nRPLC_333.2799_11.2"	4976.70623379463	52369.0331118333	0.929204637940704	0.356598779226153	0.785074077022115	-4.59511985677972
"nHILIC_111.0199_3.4"	-3042.17983669643	86880.1959156667	-0.926215056573384	0.358136935160202	0.785074077022115	-4.59511985705024
"pHILIC_247.1437_5.3"	-1394355.06131339	2621663.10723167	-0.917542216454216	0.362623344504351	0.785074077022115	-4.59511985783039
"nHILIC_130.0872_6.3"	246763.07602232	5575696.50245	0.917264246361145	0.362767731436368	0.785074077022115	-4.59511985785529
"nRPLC_149.0607_4.6"	-22855.2409309375	84867.4371651667	-0.913052091992571	0.364960182237833	0.785074077022115	-4.59511985823158
"nHILIC_327.2328_1"	29892.4514112053	201766.340173	0.904827338284522	0.369265631124269	0.785074077022115	-4.59511985896163
"nHILIC_131.0461_9.7"	-4358.33996294643	129253.524898333	-0.902613726511001	0.37042991177027	0.785074077022115	-4.59511985915705
"nRPLC_495.2962_9.1"	206095.868155134	182685.246665833	0.901772317752241	0.370873075427553	0.785074077022115	-4.59511985923121
"nRPLC_597.3048_11.9"	-4067.10594796875	27022.95389525	-0.899957112691785	0.371830279431857	0.785074077022115	-4.59511985939098
"nRPLC_131.0714_1.6"	-12585.2268775	158492.373201167	-0.894791822663181	0.374562657150861	0.785074077022115	-4.59511985984394
"nHILIC_481.244_5.2"	6242.52703493303	64678.17962875	0.89022293975613	0.376990128381239	0.785074077022115	-4.59511986024255
"nHILIC_74.0246_9.6"	-2366.48816535713	61607.6262313333	-0.886731827174803	0.378851666467808	0.785074077022115	-4.59511986054583
"nRPLC_225.186_9.8"	245736.480872321	1043341.09841167	0.881938860605897	0.381416816181901	0.785074077022115	-4.59511986096036
"pHILIC_139.0501_7.6"	12733.3095721428	167093.596028833	0.877142857404914	0.383994508303827	0.785074077022115	-4.59511986137302
"pRPLC_288.2172_5.1"	318870.460108036	745682.563726667	0.872570870281088	0.386461955942031	0.785074077022115	-4.59511986176443
"nHILIC_157.0366_6.1"	-872017.121307143	1528246.15390167	-0.872444409415994	0.386530346179106	0.785074077022115	-4.59511986177523
"pRPLC_468.3085_9.3"	351196.949941963	4268869.74418333	0.867511022846928	0.389204240042621	0.785074077022115	-4.59511986219533
"nRPLC_197.1547_9"	56581.9974790624	165913.198624667	0.856126228705994	0.395418722520632	0.785074077022115	-4.59511986315618
"nHILIC_181.0506_6.2"	-45766.6337825893	858903.178235	-0.852942995490197	0.397167262508361	0.785074077022115	-4.59511986342268
"pRPLC_286.1439_8.4"	-308636.819212946	1702466.52189833	-0.851534587609397	0.397942420758459	0.785074077022115	-4.59511986354029
"pRPLC_647.5116_11.7"	-41403.5569462053	332816.026194167	-0.850316719673943	0.39861346325581	0.785074077022115	-4.59511986364184
"nRPLC_377.2698_9.2"	3926.85329345267	16875.1850400867	0.839486740496191	0.404611452746305	0.787746862113904	-4.5951198645388
"pRPLC_342.2639_7.2"	79578.6066245535	504975.682961667	0.837640435750818	0.405639493586531	0.787746862113904	-4.59511986469062
"nRPLC_197.1547_9.1"	21340.4691977232	188550.582617833	0.83468743556753	0.407287077315857	0.787746862113904	-4.59511986493278
"nRPLC_369.1729_8.9"	93825.2098254463	775755.539228333	0.822218193306188	0.414289125394791	0.79151872481064	-4.59511986594633
"nHILIC_120.0124_7.6"	23497.2473808036	594852.651798333	0.818749417777794	0.416249914102334	0.79151872481064	-4.5951198662257
"pHILIC_892.6501_5"	-51654.1033564732	212875.341305833	-0.818150903784897	0.416588802531916	0.79151872481064	-4.59511986627379
"nRPLC_309.2801_11.4"	91500.8883223213	1040582.32769333	0.811520066430028	0.420354450937011	0.794002851769909	-4.59511986680432
"pRPLC_344.2796_7.8"	89218.9831058034	447862.87181	0.803911441263061	0.424700558673165	0.79754814215949	-4.595119867408
"nHILIC_302.1148_6.5"	-10386.2603584375	78872.6652696667	-0.785122037187943	0.435547953125746	0.799858939227991	-4.59511986887544
"nRPLC_409.3322_11.2"	2922.33395474106	25299.8161627667	0.779897945607778	0.438592784144917	0.799858939227991	-4.59511986927753
"pHILIC_282.119_6.7"	14071.5080986607	531899.93028	0.776072059953992	0.44083061855375	0.799858939227991	-4.59511986957038
"nHILIC_154.0621_9.6"	-23861.6065267858	1226337.48831667	-0.767259577746082	0.446010675860759	0.799858939227991	-4.59511987023965
"nRPLC_526.2939_9.9"	17588.2109441964	259172.434116667	0.761303473250231	0.449531779829761	0.799858939227991	-4.59511987068783
"nRPLC_448.3067_8.6"	115447.619403125	369779.505664167	0.760066244247957	0.450265222741297	0.799858939227991	-4.59511987078051
"pRPLC_204.0655_4.8"	22696.1136300268	37921.9533153	0.759619215803057	0.450530397040307	0.799858939227991	-4.59511987081396
"pHILIC_298.1139_4.7"	2312.7020175	56185.4768185	0.758763378265212	0.451038327215054	0.799858939227991	-4.59511987087795
"pRPLC_496.3395_10"	3187406.41794642	102883850.081	0.757239190361628	0.451943738809683	0.799858939227991	-4.59511987099174
"pHILIC_583.2539_5.3"	126583.397197321	1276779.86989333	0.754719181357533	0.45344300650594	0.799858939227991	-4.59511987117938
"nRPLC_187.0976_5.4"	5135.5894689732	118928.974583333	0.754256197992367	0.453718769052199	0.799858939227991	-4.59511987121379
"nRPLC_498.2892_10.3"	290561.869117143	831927.552588667	0.748767812043525	0.456995151269821	0.799858939227991	-4.59511987162015
"nHILIC_174.0883_10.1"	-45879.6644745536	1090872.54106	-0.740772441737064	0.461792431397393	0.799858939227991	-4.595119872207
"pHILIC_144.1018_6.7"	-2072801.74655804	10549250.0273833	-0.738063256307925	0.463424482481865	0.799858939227991	-4.59511987240448
"nRPLC_329.2487_10.7"	193340.257674107	2448193.41595	0.737203881495851	0.463942869811661	0.799858939227991	-4.59511987246698
"pRPLC_181.0719_3.4"	278562.633389732	3073212.265065	0.727546650969662	0.469790974888139	0.799858939227991	-4.59511987316445
"pRPLC_316.2484_6.6"	495183.456695982	1648468.35607833	0.722246589755924	0.473018200495936	0.799858939227991	-4.59511987354347
"pHILIC_258.1097_10.8"	-256364.787767857	1185231.15215833	-0.720210437702359	0.474261340429562	0.799858939227991	-4.59511987368837
"pHILIC_182.081_7.7"	165302.541986607	4899020.65733333	0.718815493835597	0.475114062781509	0.799858939227991	-4.59511987378741
"pRPLC_546.3545_10.1"	207841.764366071	3865798.05181667	0.715450993626105	0.477174312515893	0.799858939227991	-4.59511987402553
"nHILIC_188.0716_2.1"	3034527.02772857	4395583.38356	0.71421197168569	0.477934288764713	0.799858939227991	-4.59511987411294
"pHILIC_229.1181_10.5"	-7519.56322803571	128365.578862667	-0.70886285090401	0.481223047108963	0.801211568124717	-4.59511987448866
"pRPLC_502.2927_9.7"	162764.924700893	3704877.40973333	0.699747933056957	0.486856103191996	0.802225895618879	-4.5951198751226
"nRPLC_359.2957_11.5"	2531.60110388393	37424.1780218333	0.696277927619635	0.489010147890761	0.802225895618879	-4.59511987536185
"nRPLC_297.2799_11.7"	2835.54542486607	43208.1547718333	0.695838526613232	0.489283286182412	0.802225895618879	-4.59511987539207
"nHILIC_89.0243_5.8"	735890.219821428	23780146.5328333	0.689448255956864	0.493265084067792	0.80325072048682	-4.59511987582939
"pHILIC_178.0532_7.5"	40268.710612366	133996.402311	0.67932350687945	0.499610130316863	0.80325072048682	-4.5951198765143
"nHILIC_179.0348_2.2"	-6617.34152736607	63069.0063718333	-0.677315871452461	0.500873549958912	0.80325072048682	-4.59511987664894
"nRPLC_331.2644_10.9"	63656.5987915178	1033602.78794	0.677292885254044	0.500888025392416	0.80325072048682	-4.59511987665048
"nRPLC_539.2494_7"	29315.9536892856	549152.541761667	0.67498500761725	0.502342555846246	0.80325072048682	-4.59511987680478
"nHILIC_114.0559_7.8"	68864.1847312498	994250.04254	0.668532106358459	0.506421602521351	0.805784126179293	-4.59511987723349
"pRPLC_524.3708_10.6"	1137868.48120535	29427006.9078333	0.662849424968223	0.510028516548297	0.807148654182363	-4.59511987760771
"nHILIC_124.0073_8.7"	-61267.7621607142	2429154.70871667	-0.653929710623531	0.515717729447774	0.807148654182363	-4.59511987818887
"nHILIC_116.0716_7.3"	121933.056040178	3766753.3599	0.653724570537788	0.515848969127069	0.807148654182363	-4.59511987820214
"nHILIC_287.052_8.1"	3865.21139080356	102302.705883667	0.651497594791486	0.517274834104487	0.807148654182363	-4.59511987834601
"pHILIC_189.1233_8.4"	-2427.20914375001	96600.4297066667	-0.642920322118767	0.522786096944381	0.809676457580265	-4.59511987889563
"pHILIC_137.0457_3.1"	-227821.026058036	4419357.38048333	-0.641179683220096	0.523908296081348	0.809676457580265	-4.5951198790063
"pRPLC_286.1439_8.5"	-175160.578167857	1563966.387045	-0.62146894377445	0.536703750700688	0.824853997242666	-4.59511988023919
"nRPLC_315.2541_9.2"	-1264.50327455357	22907.6129325	-0.611344671978137	0.543338175445393	0.824853997242666	-4.59511988085789
"nHILIC_238.0929_7.3"	7617.99201026783	316698.68349	0.609123468721198	0.54479931077845	0.824853997242666	-4.5951198809923
"nRPLC_327.2538_10.5"	1922.70661072321	21267.8529369333	0.607811990588052	0.545662956567205	0.824853997242666	-4.59511988107144
"nRPLC_183.139_8.5"	-6954.91927669643	122073.009152667	-0.606545413086396	0.546497694767586	0.824853997242666	-4.59511988114771
"pHILIC_118.0861_7"	-1170967.09316964	42849878.2698333	-0.60243069984908	0.549213968052607	0.82509819386508	-4.59511988139442
"nRPLC_312.2546_10.4"	796.07427384375	11562.5572268	0.577379877154332	0.565896895159073	0.842825307191957	-4.59511988286105
"nRPLC_201.1133_6.3"	1785.4687328125	23040.5968033333	0.575567687751309	0.567113364346451	0.842825307191957	-4.59511988296478
"nHILIC_104.0352_9.7"	-7728.92476562497	290381.764341667	-0.572490985026836	0.569181602860531	0.842825307191957	-4.59511988314017
"nHILIC_87.045_4.2"	-3606.82443986607	104976.844415167	-0.567459526320069	0.572571819256631	0.842825307191957	-4.59511988342502
"pRPLC_312.1305_2.8"	1073.566138125	21958.731437	0.565254629292618	0.574060580749939	0.842825307191957	-4.59511988354906
"pRPLC_544.3392_9.8"	-650787.91128125	16170110.2742333	-0.559893036709773	0.577688591029291	0.844314094581271	-4.59511988384874
"nHILIC_191.0561_8.5"	183360.384957455	1606099.8866135	0.549121329412126	0.585010726578131	0.85116425533665	-4.59511988444236
"pRPLC_359.3154_11"	-103129.053875	2586970.68743333	-0.541533407299874	0.590195086782835	0.854856560676483	-4.59511988485374
"nRPLC_297.2797_11.2"	-1560.06410589286	31020.8013498333	-0.532598355010637	0.596327539576069	0.859883014656564	-4.59511988533096
"nRPLC_227.2017_10.2"	65566.1979254464	1634500.712965	0.526578966742454	0.600475579932631	0.860949714303361	-4.59511988564807
"pRPLC_508.3397_9.9"	23260.377896875	582521.243853333	0.523795450428217	0.602398252113188	0.860949714303361	-4.59511988579351
"nRPLC_411.127_3.6"	-899.273038883926	18222.6835161667	-0.519777572483042	0.605178546501921	0.86111308599172	-4.59511988600211
"pHILIC_166.0861_6.2"	-158288.957571429	6614955.60395	-0.498507879542191	0.619994010478697	0.878265249131872	-4.59511988708013
"pRPLC_380.2561_9.4"	-15432.6927361607	601867.97503	-0.493100395821046	0.623786310352174	0.878265249131872	-4.59511988734714
"pRPLC_153.0658_1.2"	27123.5616133928	453526.26982	0.490817907826159	0.625390115480899	0.878265249131872	-4.59511988745899
"nHILIC_512.2684_5.7"	-45084.9146745536	533325.676845	-0.486657834389094	0.628317897778708	0.878557060530401	-4.59511988766152
"nRPLC_377.2696_10.5"	5367.93614230357	69705.0996204667	0.476548780207855	0.63545743372505	0.879294249762778	-4.59511988814662
"nHILIC_214.0488_7.2"	7725.47668303571	443265.916666667	0.475891683031732	0.635922724855201	0.879294249762778	-4.59511988817781
"nRPLC_514.2853_8.8"	8689.77879805357	54353.7264046167	0.474354285482039	0.637011933264675	0.879294249762778	-4.5951198882506
"nRPLC_257.1759_8.8"	4351.77529111606	97108.788308	0.466416604332445	0.642648350506994	0.883299647718124	-4.59511988862277
"nRPLC_199.0976_5.6"	1319.97153474107	23883.0414621	0.459187639821871	0.647799959087512	0.884073103289491	-4.59511988895632
"pRPLC_510.3554_10.3"	-79341.4741160712	2439219.97281667	-0.457947860527846	0.648685218203125	0.884073103289491	-4.59511988901301
"nHILIC_176.0387_4.9"	-2757.65530955359	130083.990023	-0.450265967690165	0.654181758683202	0.88781810107006	-4.59511988936089
"pHILIC_219.0795_5"	-42921.9606236607	1338485.63895667	-0.44331124901866	0.659174648517088	0.887876232432944	-4.59511988967084
"nRPLC_439.3792_11.1"	3129.64267125892	51972.2966139333	0.442113613675778	0.660036030489312	0.887876232432944	-4.59511988972374
"nRPLC_129.0558_1"	215670.060549106	8754608.81465	0.4352211007067	0.6650023298647	0.887876232432944	-4.5951198900254
"nRPLC_355.2643_10.9"	3444.77235321428	53620.1460135	0.434336206717794	0.665641026976396	0.887876232432944	-4.59511989006379
"nHILIC_218.1032_6.5"	-28600.1800790179	518930.609431667	-0.430963370219891	0.668077745560729	0.887876232432944	-4.59511989020942
"nRPLC_455.2472_11"	17049.5717981249	235125.6877865	0.420535839822063	0.675633783981272	0.887876232432944	-4.59511989065253
"pHILIC_785.6497_5.6"	-197238.621196428	7030581.85901667	-0.420399531778442	0.675732780502891	0.887876232432944	-4.59511989065825
"nRPLC_295.2279_9.6"	-5126.45042830357	161557.678748833	-0.419735217235809	0.67621533491797	0.887876232432944	-4.5951198906861
"pHILIC_147.0763_9.7"	-6310.98800803569	506458.281743333	-0.405810956405836	0.686360976208413	0.897548968887925	-4.59511989125998
"nRPLC_182.0458_1"	-4736.12171415179	45604.8061073333	-0.383796708438908	0.702519539878021	0.91109585486593	-4.59511989212822
"nRPLC_508.3404_10.6"	3149.4431092857	135360.258632333	0.382367172648484	0.703573708258991	0.91109585486593	-4.59511989218294
"nRPLC_385.332_10.8"	-1353.93330901339	18994.00543605	-0.373198775000497	0.710348490898273	0.91109585486593	-4.59511989252911
"pRPLC_482.324_9.7"	44488.6636299107	1732281.462305	0.371304234702566	0.711751372824311	0.91109585486593	-4.59511989259961
"nRPLC_478.2939_10.1"	-35019.157944643	1215212.301895	-0.361225914659803	0.719230966858782	0.91109585486593	-4.59511989296864
"nRPLC_206.0821_3.4"	550.076253080356	9790.5963515	0.360097942703924	0.720069822647989	0.91109585486593	-4.59511989300932
"pRPLC_777.6945_7.2"	3877.37209999997	191125.083461667	0.358936169500261	0.720934177460868	0.91109585486593	-4.59511989305107
"pHILIC_216.1227_7"	124512.060317589	762570.580008667	0.357837039623069	0.721752262703411	0.91109585486593	-4.59511989309046
"nRPLC_365.2333_9.7"	1169.70359687499	158948.613068333	0.357360664563535	0.722106931410768	0.91109585486593	-4.59511989310749
"pRPLC_261.1446_0.8"	-962.366388928575	33397.9587473333	-0.351715314302432	0.72631462994171	0.912839009615457	-4.59511989330765
"pRPLC_580.4347_11.8"	2054.37496970089	24427.33698815	0.342837928750268	0.732948412030816	0.913130349158969	-4.59511989361599
"nRPLC_215.1652_8.1"	1139.26463977678	39632.4473296667	0.34103727971282	0.734296497572612	0.913130349158969	-4.59511989367758
"nRPLC_301.2173_10.3"	-100785.16604375	1932586.20864333	-0.340061308990678	0.735027525638798	0.913130349158969	-4.59511989371083
"nRPLC_275.2017_10"	10207.5521643303	269008.733288833	0.325962264049351	0.745615255665284	0.918543463263462	-4.59511989418058
"nHILIC_105.0192_7.8"	22698.9893709822	942400.884571667	0.325345995114416	0.746079188386413	0.918543463263462	-4.59511989420067
"pHILIC_269.1239_8.3"	8023.49005723211	230643.659461833	0.318783119851433	0.751025605765291	0.918543463263462	-4.59511989441219
"nRPLC_151.04_2.3"	-9621.60455458927	91622.01634435	-0.317250937199571	0.752181928331303	0.918543463263462	-4.59511989446096
"pRPLC_153.0658_1.7"	6634.30843397321	150536.459119667	0.315367964446293	0.753603770169714	0.918543463263462	-4.59511989452057
"pRPLC_454.2927_9.9"	-34212.6484598214	1116301.29390833	-0.302924268048706	0.763021408805332	0.926525996406475	-4.59511989490566
"pRPLC_313.1548_3.5"	-561.183141741073	18563.7639958333	-0.297676791971196	0.767003708283942	0.92744835226668	-4.59511989506343
"pHILIC_104.0705_8.1"	3869.64514508929	178495.361733333	0.284755216758381	0.776836607912515	0.92744835226668	-4.59511989544026
"nHILIC_296.0378_11"	-40156.6283705358	2542773.67425	-0.284699504388188	0.776879084025763	0.92744835226668	-4.59511989544184
"nRPLC_172.098_2.8"	-413.565675678572	12369.9444455667	-0.282137414943135	0.778833204453891	0.92744835226668	-4.59511989551457
"nHILIC_195.051_8.7"	52641.5457973214	1817566.05808833	0.278777604345768	0.781397924682038	0.92744835226668	-4.59511989560895
"nHILIC_504.3095_5.8"	4046.81282294641	88503.1387861667	0.277095377641943	0.782682975664175	0.92744835226668	-4.59511989565578
"pRPLC_166.0724_1.2"	651.718206562495	61498.746431	0.272573512365264	0.786140230315579	0.92744835226668	-4.59511989578027
"nRPLC_464.3015_8.8"	42324.8401151787	464609.72229	0.271774141191133	0.78675185300641	0.92744835226668	-4.59511989580207
"nRPLC_215.1653_8.4"	4247.28023875	156814.484152333	0.262334335633585	0.793984638680082	0.931573026024578	-4.59511989605463
"nRPLC_355.2852_11"	1182.008167	25111.6591599833	0.25968344410529	0.796019056293447	0.931573026024578	-4.59511989612396
"nRPLC_514.2838_9.6"	29487.2201639955	215118.687580083	0.249463757459394	0.803875319298546	0.937370859687474	-4.59511989638467
"nHILIC_177.0339_6.7"	-16971.1215504465	1177043.78677667	-0.23477082852881	0.815205839841656	0.94447180202798	-4.59511989674122
"nRPLC_512.2683_10.8"	-13248.6060862053	218703.708401167	-0.233984834681872	0.8158131045381	0.94447180202798	-4.59511989675969
"nRPLC_313.2385_9.9"	903.630257187497	41858.3864096667	0.230049658042355	0.818855150636536	0.944607905912861	-4.59511989685121
"pRPLC_181.0718_3.1"	-63145.1937785715	1674057.62557167	-0.214727180344285	0.83072628485977	0.954702795366063	-4.59511989719286
"nHILIC_581.2411_5.9"	-3267.60785879465	78024.936434	-0.211131883104149	0.833517610814953	0.954702795366063	-4.59511989726962
"nHILIC_163.04_1.4"	2742.10754058035	168679.117112833	0.199895719788242	0.842254898235086	0.958812017074326	-4.5951198975012
"pRPLC_548.3709_10.4"	-6867.89725624999	414861.011488333	-0.195260249432052	0.84586533902456	0.958812017074326	-4.59511989759306
"pHILIC_280.1384_8"	-2688.36578022322	113956.740754	-0.194862807833356	0.846175051138272	0.958812017074326	-4.59511989760083
"nHILIC_197.0679_1.4"	-62524.1096160715	2032769.97903333	-0.191265944871195	0.848979061558072	0.958812017074326	-4.59511989767049
"nRPLC_415.3217_10.9"	-913.647388080354	53309.7272201667	-0.186431213400635	0.852751162241826	0.958961925380967	-4.59511989776207
"pRPLC_568.339_9.8"	81854.4000624998	4513647.16928333	0.170894540077747	0.864895989568642	0.958961925380967	-4.59511989804055
"pRPLC_261.1446_1"	-664.324512276792	54787.2342916667	-0.16873021741327	0.86659048473043	0.958961925380967	-4.59511989807742
"nRPLC_539.2489_8.8"	-13993.5420691071	235101.8480835	-0.167998855485702	0.867163226468207	0.958961925380967	-4.59511989808977
"nRPLC_528.309_10.2"	1072.81471964286	48721.3082683333	0.167889216070142	0.867249093099191	0.958961925380967	-4.59511989809162
"pHILIC_249.1078_10.4"	-19159.6467633932	2943735.53233333	-0.166758058529833	0.868135078773834	0.958961925380967	-4.59511989811061
"nHILIC_239.0164_12.1"	-65039.2342008921	5083456.67153333	-0.161411384617837	0.872325172828838	0.958961925380967	-4.59511989819863
"pRPLC_520.3396_9.8"	-619973.340401786	61529589.88	-0.159569836981657	0.873769218763151	0.958961925380967	-4.5951198982283
"pHILIC_290.1594_11"	-5197.89635941965	123116.757631167	-0.152090508237239	0.879638503475484	0.958961925380967	-4.59511989834525
"nHILIC_303.2327_1"	6009.50552397317	328483.452371	0.14612208705099	0.884327015510734	0.958961925380967	-4.59511989843456
"nRPLC_299.2228_9.6"	-291.889800928572	18168.7119366833	-0.145819760018781	0.884564621534476	0.958961925380967	-4.59511989843898
"pHILIC_542.3221_6"	75209.8864107145	4521086.67413333	0.144622200981506	0.885505916176594	0.958961925380967	-4.59511989845644
"nHILIC_167.0349_1.3"	9521.61698656249	293588.384551167	0.141821696359572	0.887707788510555	0.958961925380967	-4.59511989849669
"pRPLC_675.5429_12.6"	-89020.1697008928	7455825.94101667	-0.129359248033876	0.897516824360248	0.963905354520049	-4.59511989866629
"pHILIC_290.1593_10.7"	187636.654469018	2704936.56504883	0.128425594366757	0.89825235823695	0.963905354520049	-4.59511989867837
"nRPLC_187.1339_7.1"	2436.49346651787	215494.54275	0.116664575351494	0.90752517586007	0.970631231135108	-4.59511989882305
"nRPLC_465.2489_8.6"	-3003.35801937497	191730.348093833	-0.096826589618477	0.923194836874964	0.97615515937413	-4.59511989903563
"pHILIC_813.6806_5.6"	-56623.4478035716	8827325.60326667	-0.0962626740383684	0.923640740693498	0.97615515937413	-4.5951198990411
"nRPLC_165.0418_1.9"	-2441.75770852679	162631.230750333	-0.0947754948210388	0.924816812574444	0.97615515937413	-4.59511989905536
"pRPLC_162.1123_0.6"	2408.31682857139	585089.607388333	0.0936853174753989	0.925679039790478	0.97615515937413	-4.59511989906567
"nHILIC_115.0399_2"	-46410.4007410721	13028284.9252	-0.0910031949222287	0.927800724234854	0.97615515937413	-4.59511989909054
"nHILIC_197.0678_4.1"	-22918.7453788392	1586440.511282	-0.0858464714558945	0.931881400293997	0.977265234723899	-4.59511989913632
"pRPLC_482.3238_10.5"	6432.04513080348	840792.344223333	0.0696307454596158	0.944724873127582	0.986857922212129	-4.5951198992629
"nRPLC_285.2072_9.6"	-965.768965580359	141908.5778705	-0.0646152400196375	0.94870049186605	0.986857922212129	-4.5951198992967
"nRPLC_441.3947_11.3"	1421.72483745534	134920.896992	0.0579674436501387	0.953971974284191	0.986857922212129	-4.59511989933762
"nHILIC_181.0367_6.8"	10105.4575013395	1069288.34222333	0.0567791170892512	0.954914502414297	0.986857922212129	-4.59511989934447
"pRPLC_506.3601_10.4"	-671.371358125015	159582.640100667	-0.0535893178156891	0.957444826360422	0.986857922212129	-4.59511989936214
"pHILIC_703.5724_5.7"	53702.1838392845	14962213.57275	0.0451601199897977	0.964133377458464	0.986857922212129	-4.59511989940393
"nRPLC_283.0822_2.4"	-634.983983290173	48638.3697189	-0.0434799349870701	0.965466925765534	0.986857922212129	-4.59511989941142
"nRPLC_441.395_11.2"	558.979747821424	62046.7707356	0.0434749172906913	0.965470908418058	0.986857922212129	-4.59511989941144
"nRPLC_299.2227_9.9"	64.4354383928572	14990.9130375	0.0394164099356429	0.968692512592509	0.987027386647888	-4.59511989942833
"nRPLC_391.2856_9.8"	2307.89176830354	539671.472238333	0.0265210063831459	0.978931979335781	0.992127116238772	-4.59511989947102
"nRPLC_351.254_10.3"	-193.839989196451	63611.9664035	-0.0238140315728601	0.981081935983662	0.992127116238772	-4.59511989947786
"nRPLC_375.254_10.2"	71.6386056696355	30466.2776635	0.0162201329414144	0.987113927960034	0.992127116238772	-4.59511989949313
"pRPLC_295.1292_1.3"	34.5387548660694	34756.4849203333	0.0161095272730917	0.987201790790091	0.992127116238772	-4.59511989949331
"nHILIC_243.0621_5.8"	-1655.2691339282	3687435.50261667	-0.0137760204054303	0.989055515259705	0.992127116238772	-4.59511989949682
"pHILIC_146.1175_11"	-1005.61427232157	1835176.06719167	-0.00873789614998626	0.99305796543482	0.99305796543482	-4.59511989950251
