SampleID	ZJTKAE3	ZJXC41N	ZK112BX	ZK4CK8Y
nHILIC_104.0352_9.7	306603.3143	344503.32	358601.6526	252171.5333
nHILIC_105.0192_7.8	894491	1364306.907	753744.8526	1064829.433
nHILIC_111.0199_3.4	76684.72214	102951.3767	89191.81	73474.61111
nHILIC_114.0559_7.8	1352883.25	2941040.633	990158.9895	499252.7111
nHILIC_115.0399_2	12881142.86	11562359.4	12550589.16	11595756.44
nHILIC_116.0716_7.3	3252732	3572364.266	3771279	2615669.222
nHILIC_118.0509_8.9	1394726.143	2167983.133	1976376.96	1437827.122
nHILIC_120.0124_7.6	576949.2286	549889.88	743939.8211	570241.3
nHILIC_121.0505_3.5	201697.29	104730.2717	90088.21632	100430.5356
nHILIC_124.0073_8.7	2658236.714	2596439.4	2288021.213	1806698
nHILIC_128.0352_7.6	4577536.357	6962456.467	5922664.368	4580505.778
nHILIC_130.0509_8.8	137117.8707	266826.2907	120821.7655	165406.7889
nHILIC_130.0872_6.3	4406132.143	7130798.067	5587339.053	4030417.889
nHILIC_131.0349_5.1	230607.6	185634.4704	190400.3947	227023.6556
nHILIC_131.0461_9.7	107574.8207	126120.498	127676.2789	119517.1533
nHILIC_132.0302_8.3	90836.55571	152319.0113	71948.82158	142931.3011
nHILIC_133.0142_10.4	1102896.893	1584263.8	1189101.047	1291963.778
nHILIC_133.0506_2.3	248565.1414	71781.34369	16967.33074	479060.4678
nHILIC_133.0506_4.4	180296.095	125337.6377	46900.68211	134417.3233
nHILIC_135.0299_7.9	2034542.5	3109411.8	2084975.053	2020145.667
nHILIC_146.0458_7.6	648198.0357	886556.4533	690173.4105	558294.5
nHILIC_151.0261_4.3	898279.85	1058431.24	1009517.505	549329.7222
nHILIC_154.0621_9.6	1193440.5	1191117.507	1196940.784	1147900.111
nHILIC_157.0366_6.1	592589.21	1867415.453	1007448.526	30851801.85
nHILIC_160.0615_10.7	107745.2451	118004.0973	128627.6269	61700.59431
nHILIC_163.04_1.4	185168.5571	76506.48067	165488.2279	192703.1
nHILIC_167.0349_1.3	317535.2214	155510.5475	1629411.958	235379.8889
nHILIC_168.0276_10.3	43582.48936	42668.58725	76263.49528	24884.44937
nHILIC_168.0778_10.2	778014.2821	481916.32	253851.8579	511531.1222
nHILIC_174.056_3.8	345745.7571	560835.2632	265981.0105	362492.3333
nHILIC_174.0883_10.1	986715.4286	1107237.847	1052997.268	873896.3667
nHILIC_176.0387_4.9	133412.8143	172227.47	131074.5189	113583.5556
nHILIC_177.0339_6.7	916568.2714	913177.1867	801205.1684	1363450.111
nHILIC_179.0348_2.2	35481.8	117337.24	18076.53595	35744.44444
nHILIC_181.0367_6.8	1485604.05	329843.5973	521573.9526	1148157.844
nHILIC_181.0506_6.2	769707.4429	1126566.2	773207.7421	502617.1556
nHILIC_188.0023_1.6	1476401.429	1310573.958	339798.3942	802403.6489
nHILIC_188.0716_2.1	1083845.743	1776143	128560351.1	5261437.444
nHILIC_188.9862_0.9	2700567.975	442050.7123	4566635.076	1176421.649
nHILIC_191.0197_11.2	25902943.57	41704579.33	30802962.63	32962925.56
nHILIC_191.0561_8.5	3379892.929	382883.6753	146096.0205	1378748.8
nHILIC_195.051_8.7	1555786.214	2116881.673	1478183.172	1701380.111
nHILIC_197.0678_4.1	1894520.929	418353.5468	562943.2663	1346958.489
nHILIC_197.0679_1.4	2239026.343	841711.07	1907117.226	1831138.956
nHILIC_204.0665_5.1	402416.7357	485108.5267	780479.5789	439531.8222
nHILIC_209.0302_11	205268.2236	234228.6537	148597.3668	303367.9922
nHILIC_212.0022_3	31610398.57	14899995.33	24480930	10807556.33
nHILIC_214.0488_7.2	403566.6429	617703.08	549136.8263	372616.6778
nHILIC_218.1032_6.5	380528.9429	1266828.787	385135.2105	583106.8889
nHILIC_224.0617_4.8	2417845.679	1473146.653	1110417.9	3418612.979
nHILIC_235.0723_6.5	62194.62429	365492.5933	47165.95632	29577.70444
nHILIC_238.0929_7.3	302548.2143	356128.107	396866.8316	238143.6667
nHILIC_239.0164_12.1	5451355.929	8683954.2	5301747.947	2559637.444
nHILIC_243.0621_3.4	14352136.43	23195396	16958570	12939243.22
nHILIC_243.0621_5.8	3939993.5	4240142.533	3667080.474	3545147.778
nHILIC_257.0777_2.2	1350146.429	1580228.133	1152891.789	1430694
nHILIC_274.1407_12.3	290308.1	268729.5933	312728.9842	208218.1889
nHILIC_274.1407_13.3	151178.3143	166594.404	168517.6621	99760.86
nHILIC_277.2171_1	660669.2786	372653.2	358569.2211	269777.232
nHILIC_279.2328_1	4069343.786	4542856.067	4199093.211	3684537.222
nHILIC_281.2484_1	5199381.857	4946696.067	6451221.947	5370523.556
nHILIC_287.052_8.1	94151.61143	105758.39	104992.3079	88343.14222
nHILIC_296.0378_11	2359693	3163450.133	1431270.911	2173909.778
nHILIC_302.1148_6.5	40116.22814	152913.0207	48498.90275	11032.39667
nHILIC_303.2327_1	192984.3829	523415.1533	229424.9163	193738.7153
nHILIC_327.2328_1	139934.4943	155397.3973	127709.8986	178766.0122
nHILIC_335.0495_8.3	33549487.86	34315178.67	41303456.84	31174586.67
nHILIC_425.0806_12.4	371442.8143	107520.7867	239414.8004	187768.9111
nHILIC_481.244_5.2	74458.77714	45923.48733	74017.07563	37763.48333
nHILIC_504.3095_5.8	70416.95286	41391.4828	113847.5832	47710.90708
nHILIC_512.2684_5.7	293778.8957	825491.8067	315557.2668	523855.7
nHILIC_581.2411_5.9	63942.01643	101244.7127	119322.0432	79958.31433
nHILIC_74.0246_9.6	67961.63929	85367.922	67206.20316	56885.58556
nHILIC_87.0087_4.4	6486184.286	1444950.084	5865945.947	6693081.778
nHILIC_87.045_4.2	105531.0579	114475.4067	85534.42158	110102.5089
nHILIC_88.0403_8.9	752270.8429	1251561.84	1080030.111	723215.3667
nHILIC_88.988_11	151898.7043	207290.6584	131690.1183	150621.4267
nHILIC_89.0243_5.8	27808878.57	15725870.87	21726699.47	24164293.33
nRPLC_117.0557_0.6	519125.7714	511113.3533	571891.7842	767887.0667
nRPLC_129.0558_1	7729704.071	8159778.933	8027349.526	8047345.222
nRPLC_131.0714_1.6	110237.15	158938.0933	161714.5526	168327.2444
nRPLC_149.0607_4.6	64455.085	94095.87087	377705.4274	133333.3689
nRPLC_151.04_2.3	271361.5586	25473.91967	16291.94705	187572.0111
nRPLC_153.0193_2.1	48204.59071	74208.484	26563.84095	23383.87122
nRPLC_163.0765_7.4	69493.45214	75216.308	27244.70526	41949.44111
nRPLC_165.0418_1.9	181026.0957	62577.64633	137231.8311	174490.3667
nRPLC_165.0556_2.3	44689.09714	66052.962	54391.77579	42327.95889
nRPLC_172.098_2.8	7872.035643	16668.88067	10145.92837	8361.905444
nRPLC_172.9914_0.9	4949805.786	1653511.267	2997337.289	997015.0889
nRPLC_182.0458_1	24708.77043	56045.26533	15852.56211	60764.47778
nRPLC_183.139_8.5	123011.61	128803.24	153057.3711	77345.45333
nRPLC_187.007_2.3	13196826.21	28409084	8689772.447	23628476.44
nRPLC_187.0976_5.4	88889.055	129165.5247	116015.1937	72742.65556
nRPLC_187.1339_7.1	169312.2671	230121.7067	240927.2263	240863.9689
nRPLC_187.134_7.5	130753.5371	169143.9667	70636.33947	160300.4733
nRPLC_188.0352_3.1	19563.20429	21868.03467	12918.89621	11855.68811
nRPLC_197.1547_9	140775.1571	166336.5333	154793.1537	434736.5389
nRPLC_197.1547_9.1	150447.585	269658.6267	218135.1316	252821.6144
nRPLC_199.0976_5.6	20286.38543	17950.96867	26851.85684	40310.66667
nRPLC_201.1133_5.9	16377.69286	9626.633133	15567.615	10615.28778
nRPLC_201.1133_6.3	16950.34357	16820.99133	18446.56105	29606.72667
nRPLC_204.0666_4.3	22646.07857	80986.94313	120442.4384	36275.96556
nRPLC_206.0821_3.4	6798.344714	12414.88513	6112.588684	4935.150222
nRPLC_215.1288_6.8	10843.15271	9062.414133	12170.45595	11126.29278
nRPLC_215.1652_8.1	30595.85429	31807.022	42108.17263	42503.48667
nRPLC_215.1653_8.4	110816.1093	181238.2493	157001.7705	262411.14
nRPLC_225.186_10	159247.7164	359708.82	334462.3947	328378.0744
nRPLC_225.186_9.8	1128230.75	1083679.733	1198825.179	1979187.2
nRPLC_227.2017_10.2	1835159.857	1588200.927	1924912.474	2064308.956
nRPLC_229.1445_7.4	142509.9764	109490.378	124537.8674	76258.20889
nRPLC_239.0924_7.1	8240486.786	3949137.067	6671284.211	20941374.44
nRPLC_253.2172_10.3	14243341.07	10796908.07	12853146	14770184.33
nRPLC_257.1759_8.8	88659.10857	126375.322	94259.47842	124834.5389
nRPLC_257.176_8.5	131973.7371	378389.24	105766.3216	215962.5444
nRPLC_263.1289_6.8	31607.32993	2803.671632	36651.05795	87089.46444
nRPLC_267.233_10.6	1075754.093	773871.4267	1164051.816	941667.3444
nRPLC_271.2279_9.6	498041.4429	391137.7533	407453.4211	534057.7556
nRPLC_271.228_10.3	573047.8429	868375.1133	741448.0421	455209.8333
nRPLC_275.2017_10	334166.9786	287000.28	312322.4526	308339.0378
nRPLC_283.0822_2.4	35324.76221	71373.25867	27571.52169	197929.6687
nRPLC_285.2071_9.2	58090.44	74371.51133	58396.84263	44716.08778
nRPLC_285.2072_9.6	125128.7543	187418.5847	78088.55789	190571.3
nRPLC_295.2279_9.6	147845.2714	264519.72	130474.6063	149407.4644
nRPLC_295.2642_11.1	411643.2929	374551.5667	561023.8526	376670.98
nRPLC_297.2797_11.2	26798.69071	29059.288	33354.59632	22043.52189
nRPLC_297.2799_11.7	40779.58	39189.94267	62659.73	38702.74778
nRPLC_299.2227_9.9	10840.82029	19026.032	10278.05953	11715.06722
nRPLC_299.2228_9.3	18426.32114	18001.952	18787.97474	5913.175778
nRPLC_299.2228_9.6	12650.2185	21843.27533	16753.99474	7134.882667
nRPLC_301.2173_10.3	1811330.9	2108987.933	2048414.737	2836217.556
nRPLC_305.2486_10.7	1444349.621	1861018.867	2122346.263	1308574.5
nRPLC_307.2644_11	1164053.493	1556063.087	1795698.226	1136992.833
nRPLC_309.2801_11.4	874295.2143	1046262.653	1587676.832	1056756.667
nRPLC_311.2957_11.4	181888.9071	144085.482	227490.4684	164171.5611
nRPLC_312.2546_10.4	10285.44571	16076.85733	11887.28884	10677.22889
nRPLC_313.2385_10.3	234825.4571	318429.2	270263.7632	194610.5111
nRPLC_313.2385_9.9	32537.66571	51043.24733	43517.99632	17754.47311
nRPLC_313.2386_9.1	74263.11286	101501.188	68389.96947	83505.09111
nRPLC_315.2539_9.7	23002.26857	13498.11407	9059.899895	6381.914556
nRPLC_315.2541_9.2	19908.17143	25184.53533	19623.16737	15537.29267
nRPLC_315.2541_9.4	53387.59	69254.98733	42106.32895	61821.56444
nRPLC_327.2538_10.5	15341.97271	34107.196	28555.23689	3726.302111
nRPLC_329.2487_10.7	2236783.786	3026705.067	3409078.105	2342271.278
nRPLC_331.2644_10.9	918796.0857	1338234.08	1526399.121	797660.8222
nRPLC_333.2799_11.2	42202.39	49321.13867	72372.76474	37247.70667
nRPLC_335.2957_11.7	18399.53886	23217.1082	29970.03105	18729.66244
nRPLC_343.2853_9.8	12624.95786	38794.354	15859.01463	11633.59411
nRPLC_351.254_10.3	30998.455	130218.602	66673.60158	14595.18978
nRPLC_355.2643_10.9	50255.88	22188.49467	60145.53316	77952.30111
nRPLC_355.2852_11	13884.27264	27350.636	63713.72842	2158.497622
nRPLC_357.2801_11.2	51686.66286	38948.86667	71702.87579	67541.00444
nRPLC_359.2957_11.5	25768.12	35201.356	45287.44421	24170.62778
nRPLC_365.2333_9.7	159130.8143	164043.44	157165.1053	146364.2333
nRPLC_367.1582_8.7	4949779.357	3611091.633	2307919.021	5199755.111
nRPLC_367.1585_8.9	21914592.86	17738186	9885840.421	22280624.44
nRPLC_369.1729_8.9	700525.0786	553625.54	546134.7279	1172022.6
nRPLC_369.1741_9.5	7318730.786	4002287.333	5349145.342	6504278.444
nRPLC_375.254_10.2	17033.53164	55248.22667	22403.20463	6466.174333
nRPLC_377.2696_10.5	41293.12429	130981.5553	45888.05211	7431.930111
nRPLC_377.2698_9.2	11833.58879	10442.88167	16280.83737	872.3746222
nRPLC_385.332_10.8	9012.131786	15066.67847	13227.03511	1546.7284
nRPLC_391.2856_9.2	426141.3857	74426.73867	132617.8079	51956.77
nRPLC_391.2856_9.5	324747.7857	244280.4067	258823.2784	318225.7444
nRPLC_391.2856_9.8	488533.4	348625.26	427011.1053	129032.7067
nRPLC_395.1897_10	272378.4071	494251.4333	47338.81842	183899.8333
nRPLC_407.2804_9.2	71430.57786	229787.236	78722.35316	31765.55444
nRPLC_409.3322_11.2	17092.11821	32355.37467	24436.93753	1940.480278
nRPLC_411.127_3.6	15727.29857	39931.894	15803.15495	15778.65444
nRPLC_415.3217_10.9	66681.84429	56385.934	46847.47789	40485.66889
nRPLC_415.3217_11.4	378250.8357	452138.1333	229625.5421	286949.4222
nRPLC_429.3008_10.3	372476.2071	372231.5933	560760.5474	236995.4556
nRPLC_439.3792_11.1	39713.31357	62086.216	48546.98368	6012.246556
nRPLC_441.3947_11.3	79741.43286	145986.9267	100666.3295	11912.88811
nRPLC_441.395_11.2	33731.60571	69966.786	41366.65789	5021.171956
nRPLC_448.3067_8.6	608959.7107	174955.2767	115190.6563	44530.26878
nRPLC_448.3069_9.4	4732188.971	2855040.58	1001298.505	424915.8111
nRPLC_450.2624_9.5	46605.315	32819.23993	66233.99211	102261.2778
nRPLC_455.2472_11	117351.865	186078.9067	106596.7347	116756.3356
nRPLC_464.3015_8.8	1126478.982	963571.8867	102559.8563	118641.82
nRPLC_465.2489_8.6	251979.0071	149836.2067	132044.1028	232446.3222
nRPLC_465.249_8.3	114986.0964	91227.75733	60424.90137	241017.5222
nRPLC_478.2939_10.1	685609.6143	1126016.607	1376662.242	1001279.356
nRPLC_495.2962_9.1	63290.95286	147811.5267	22310.02474	141214.3944
nRPLC_498.2892_10.3	2039983.029	524364.8933	179502.2568	264851.9978
nRPLC_508.3404_10.6	103783.9693	127826.96	140116.6311	88741.55444
nRPLC_512.2683_10.8	103222.1914	156963.732	145192.8068	219070.5678
nRPLC_514.2838_9.6	673972.1864	199323.418	25704.31937	88054.04222
nRPLC_514.2853_8.8	44728.78371	111661.4287	16446.94532	62063.83422
nRPLC_526.2939_9.9	162017.81	217150.6133	368710.8632	224253.9778
nRPLC_528.309_10.2	26283.60143	44498.178	64947.44684	32772.61
nRPLC_539.2489_8.8	211443.8514	172282.9153	73488.75947	811100.4333
nRPLC_539.2494_7	626068.7714	492223.3533	497283.5579	381151.6778
nRPLC_597.3048_11.9	12775.41264	27199.36733	14308.55753	21966.53389
nRPLC_619.2888_11.3	450348.2786	597088.6333	630849.6	389317.7111
pHILIC_104.0705_8.1	121494.0421	208053.3933	205681.6332	142215.7222
pHILIC_104.1069_6.6	10510008.21	11500324.53	11967547.26	10034678
pHILIC_114.0661_2.5	76570615.71	107157612.7	60946702.63	86351610
pHILIC_118.0861_7	37983150.71	59659699.33	43824350.53	26437467.78
pHILIC_130.0862_7.6	963839.7786	1866405.12	1443571.232	1836175.933
pHILIC_132.0766_9	726806.2714	613951.5667	910029.1421	542042.4667
pHILIC_133.097_16.1	1892668.857	1954123.333	2323888.684	1446279.444
pHILIC_137.0457_3.1	3262759.357	2497554.4	3590128.316	3002324
pHILIC_139.0501_7.6	158312.3871	179962.1333	338587.2526	173801.6333
pHILIC_144.1018_6.7	3551121.643	19350289.8	4188645.295	5295435.556
pHILIC_146.0811_7.5	213263.0743	781716.42	575032.2842	1136348.95
pHILIC_146.1175_11	2028390.929	3002202.467	1930169.316	1504678.556
pHILIC_147.0763_9.7	566228.8714	434295.826	565556.0526	395689.3778
pHILIC_147.1126_15.9	4574301.571	5285407.867	5898636.105	3869083.111
pHILIC_150.0581_7	1960922	1804076.2	2389992.842	1644691.111
pHILIC_157.0607_8.3	143965.7	105065.8207	83825.36053	139898.6933
pHILIC_158.1174_6.2	478950.4929	512825.3667	321234.9105	321076.2889
pHILIC_160.0967_7.5	191800.2471	1548393.293	425580.6016	371300.96
pHILIC_161.1283_16.4	3791290	595778.1267	1346054.179	3974975.667
pHILIC_166.0861_6.2	6257796.929	7837041.867	5961570.947	5273168.744
pHILIC_170.0923_8.5	1670192.714	2762554.067	1497626.168	2462912.778
pHILIC_175.1188_15.1	13087072.93	20607059.33	16048548	13027711.11
pHILIC_178.0532_7.5	122863.6636	36007.0764	222387.9789	87988.59556
pHILIC_182.081_7.7	3992485.929	4821745.4	4931540.737	2832296.111
pHILIC_189.1233_8.4	85641.28857	120400.3607	96392.50211	89175.4
pHILIC_189.1345_14.4	723551.5286	1244510.44	1393575.811	965426.2111
pHILIC_189.1596_18.3	1017709.6	972926.6533	616910.7526	726953.4556
pHILIC_203.1501_13.6	2566039	2804346.4	2639180.421	2333056.111
pHILIC_205.0969_6.7	10447961.64	11760421.4	10118252.95	10706713.78
pHILIC_216.1227_7	412024.0643	214145.4	478246.3547	219749.3578
pHILIC_218.1384_7.3	2494871.571	895596.3267	3501272.316	1473422.333
pHILIC_219.0795_5	1025570.829	873691	816140.1053	1662991.333
pHILIC_229.1181_10.5	191882.0786	78099.22067	109173.8668	101487.4433
pHILIC_229.1181_10.9	384351.55	245096.1313	225150.45	250540.7222
pHILIC_247.1437_5.3	1335744.334	1616085.867	499553.7153	1596835.386
pHILIC_249.1077_10.8	1412910.243	1811047.485	1731774.832	1459417.011
pHILIC_249.1078_10.4	2679717.357	2702152.467	3041334.158	2619004.556
pHILIC_258.1097_10.8	362116.1714	1671692.442	439897.1683	327190.7111
pHILIC_269.1239_8.3	163045.0071	320868.5667	201816.4663	157831.2222
pHILIC_276.1548_13.2	62461.16286	60164.92667	69053.59158	42222.39111
pHILIC_280.1384_8	79345.20421	170795.276	188115.8347	33590.44778
pHILIC_282.119_6.7	578766.4857	494707.1	509013.7158	600233.4889
pHILIC_288.2161_5.8	4325994	3843391.867	3647145	8109106.889
pHILIC_290.1593_10.7	2179274.691	57866.22533	2724777.802	7183895.649
pHILIC_290.1594_11	151050.4	41491.32683	171197.1948	198336.2667
pHILIC_298.1139_4.7	54054.83357	65130.122	53503.99421	49779.45
pHILIC_302.3046_1.8	216912.8571	273543.2733	304936.3947	230363.7111
pHILIC_360.2736_6.1	278294.6436	30145.12227	493049.4305	510359.0489
pHILIC_372.31_5.6	314664.0286	226825.8267	420541.8158	515180.6778
pHILIC_400.3413_5.6	589812.5429	637990.4133	739842.8579	589885.1667
pHILIC_428.3736_5.5	92468.155	128471.6113	152596.2495	87212.59444
pHILIC_542.3221_6	5401713.214	2534998.467	4498020.795	4123487.491
pHILIC_583.2539_5.3	1077762.036	1112933.047	1623695.089	594091.2111
pHILIC_585.2694_4.9	1438264.45	318616.2999	1568164.895	2351282.678
pHILIC_703.5724_5.7	11035421.86	15527079.07	16702357.39	17549829.44
pHILIC_731.6033_5.7	3296620	2757027.867	4944105.947	3300878.889
pHILIC_785.6497_5.6	8162570.071	8280784.533	9003493.579	8707542.111
pHILIC_813.6806_5.6	10332294.79	11229942.07	10657745.26	10288524
pHILIC_892.6501_5	124390.0302	100198.722	161213.6475	346781.3111
pRPLC_100.0756_1.2	144908.7543	383107.6733	317125.6211	80218.16889
pRPLC_153.0658_1.2	409655.2643	520767.36	335541.6474	419174.1678
pRPLC_153.0658_1.7	122397.5593	181674.2267	103372.1179	208352.8822
pRPLC_162.1123_0.6	531302.8786	771147.14	745801.9895	381879.2444
pRPLC_166.0724_1.2	56174.50571	66555.868	57346.48579	46738.32544
pRPLC_180.0654_2	727385.3571	1134178.473	221136.8489	473884.4889
pRPLC_181.0718_3.1	1684648.379	819460.71	2336387.337	824962.4264
pRPLC_181.0719_3.4	4538899.714	882795.78	1261159.684	2509118.711
pRPLC_195.0875_4.6	6353491.429	1135474.741	1515785.855	2727622.151
pRPLC_204.0655_4.8	27317.70264	14615.20553	902004.2105	63894.13492
pRPLC_232.1543_0.9	323491.1286	334379.5467	272732.8842	347884.9615
pRPLC_244.1544_1.7	6304.063214	16098.42593	8186.048684	8425.603889
pRPLC_260.1858_3.3	79435.59929	75343.89733	107456.0947	198880.0076
pRPLC_261.1446_0.8	25289.12143	38746.184	30164.12105	18760
pRPLC_261.1446_1	43219.01071	64950.33467	48678.56579	32117.20667
pRPLC_265.1184_2.6	804945.4643	1633041.367	458580.8453	1359016.533
pRPLC_269.2264_10.4	620053.2357	692582.1733	796656.3684	688332.6448
pRPLC_286.1439_8.4	1434146.443	2724240.607	2098394.379	442909.7368
pRPLC_286.1439_8.5	1961434.471	2057949.68	3106922.026	474608.0892
pRPLC_286.2015_4.3	784067.1929	738145.8333	1438929.137	412409.1111
pRPLC_288.2172_5.1	563444.6929	633392.9067	366810.0158	1781581.448
pRPLC_295.1292_1.3	30104.46	42549.214	31334.59263	22750.83222
pRPLC_312.1305_2.8	19187.92286	27280.79333	20732.50053	18702.82378
pRPLC_312.2171_5.4	66212.01571	64768.52933	62674.12842	76100.51111
pRPLC_313.1548_3.5	13883.08786	21243.75867	15056.06153	13123.07241
pRPLC_314.2328_6.1	505917.3643	661825.0733	415070.7789	899088.4421
pRPLC_316.2484_6.6	1250021.236	1516540.427	808785.9421	4333605.139
pRPLC_342.2639_7.2	550144.5714	533672.7133	495769.6158	1005300.146
pRPLC_344.2796_7.8	347155.2714	435559.34	452336.7632	893768.5213
pRPLC_352.1657_3.7	55858.98071	70171.13533	75008.86158	81058.60667
pRPLC_352.2248_8.5	138317.925	99912.94067	159787.7979	123659.4454
pRPLC_359.3154_11	2390730.479	3564860.733	2930487.842	1849614.933
pRPLC_368.2795_7.7	297784.7357	401619.96	496132.2474	515820.4294
pRPLC_370.2952_8.2	545843.3786	552764.2933	980253.7474	1161463.075
pRPLC_380.2561_9.4	472487.2857	548790.6467	498414.7421	414343.8778
pRPLC_382.2719_9.6	29080.99929	52499.60333	33476.21516	28981.67796
pRPLC_424.3421_9.2	303353.25	492588.6867	497499.8684	257606.7067
pRPLC_426.3576_9.5	443313.0357	647353.3	699685.1632	448310.0778
pRPLC_438.2976_10.2	102034.8207	194198.1467	128109.5916	89575.85578
pRPLC_454.2927_9.9	696723.5	793767.7467	1358748.563	1065252.011
pRPLC_468.3085_9.3	3833341.786	2171238.633	4836208.316	3200859.444
pRPLC_478.2927_9.7	2999145.5	3158245.133	4952335.421	2846439.539
pRPLC_480.3446_10.3	982883.2786	1556333.933	1199781.395	710646.1444
pRPLC_482.3238_10.5	479014.0571	681286.0667	1043995.947	575491.7111
pRPLC_482.324_9.7	1601871.05	1162371.613	2192514.737	1047008.453
pRPLC_494.324_9.5	5341278.5	3345985.067	6185554.053	4813350.933
pRPLC_496.3395_10	80342070.71	90198848.67	104850215.3	72479967.16
pRPLC_502.2927_9.7	2746409.571	3759504.467	6080247.474	2887169.367
pRPLC_504.3082_10	144244.3643	154774.0927	244712.9211	134062.7478
pRPLC_506.3601_10.4	119637.32	199153.1333	135893.4642	73838.3926
pRPLC_508.3397_9.9	501176.4571	363066.6333	664733.2947	401766.0488
pRPLC_508.376_10.5	524927.5071	792350.94	655772.8579	344166.7642
pRPLC_510.3554_10.3	2045691.286	2132919.067	2918145.211	1562870.982
pRPLC_510.3913_10.9	142079.2293	241580.0067	180472.6142	99413.042
pRPLC_520.3396_9.8	54623982.86	49877462	62352830.53	40624725.13
pRPLC_524.3708_10.6	22202267.14	28830060	30512467.37	16013566.6
pRPLC_526.2924_9.8	2128487.929	1492365.067	4175826.895	2896385.659
pRPLC_538.3863_10.8	116041.1664	140348.8453	143626.6453	120075.7909
pRPLC_544.3392_9.8	13874620.71	16015932.8	23607831.05	12673872.97
pRPLC_546.3545_10.1	3269379.786	3003678.8	3686402	2459922.411
pRPLC_548.3709_10.4	290709.4857	373745.6933	424691.1526	245525.1302
pRPLC_550.3864_10.7	151296.6229	256328.5067	267252.9542	156150.7413
pRPLC_552.402_11.1	49963.11857	80625.79133	83841.92632	63789.12556
pRPLC_568.339_9.8	4276101.714	3034404.933	5130268.105	4050226.343
pRPLC_572.3708_10.3	139014.0779	215209.4533	258924.8	104297.36
pRPLC_580.4347_11.8	4901.147357	50939.10687	14075.78506	17879.94144
pRPLC_647.5116_11.7	358147.8286	292330.6467	379518.2842	404554.9
pRPLC_675.5429_12.6	7643027.5	6350749.4	9569521.737	8286458.556
pRPLC_676.417_10.7	12321.25107	50668.65127	32156.55137	13529.00069
pRPLC_777.6945_7.2	201615.7786	235733.3733	170015.3737	190197.66
