""	"logFC"	"AveExpr"	"t"	"P.Value"	"adj.P.Val"	"B"
"PLTP"	-0.4584920954375	-1.77807462481667	-3.71022840234624	0.000449204976286245	0.105102815186849	-0.102568708940934
"APOC4"	0.623960649888392	-2.63339761133333	3.57283002955003	0.000696045133687744	0.105102815186849	-0.481344707571636
"APOD"	-0.292288546848214	3.1853089318	-3.30585099406817	0.00158803082917788	0.142696930098054	-1.19129016048409
"PRG4"	0.469836968986607	-2.62047491385	3.24795346004178	0.00189002556421264	0.142696930098054	-1.34044030886886
"CFH"	0.213652653857143	5.31218151445	3.11539395440104	0.00279679533843251	0.168926438441323	-1.67511100807686
"SERPIND1"	0.19787829528125	3.28841115881667	2.95784196580146	0.00440030029546911	0.221481781538612	-2.06004204191809
"HP"	0.388566877062499	7.02993550201667	2.71617395588294	0.00857634702431275	0.298496011780407	-2.62179146544265
"BCHE"	0.282616787566964	-1.23992649241667	2.68579443721224	0.00930383765177303	0.298496011780407	-2.6898399778834
"F10"	0.270514966165178	0.3490855008	2.61347570758709	0.0112679778888109	0.298496011780407	-2.84944440050222
"PRG4.1"	0.474751353428571	-2.06018738035	2.60047709828067	0.0116586515576277	0.298496011780407	-2.87777166290313
"APOA1"	-0.300608273482143	8.37327051308333	-2.59727229974089	0.011756845152074	0.298496011780407	-2.88473872903604
"APOF"	-0.268810957571428	-1.13015018021667	-2.56513397481152	0.0127839157479515	0.298496011780407	-2.95423224077383
"LRG1"	-0.245286637303571	3.07357149578333	-2.54364482079269	0.0135153532530453	0.298496011780407	-3.00031783040617
"VTN"	0.189583631508928	4.86459735456667	2.53451098282035	0.0138375634600188	0.298496011780407	-3.01981324961105
"SHBG"	-0.522259365986607	-1.22696145238333	-2.36492584845558	0.0212240008743748	0.427309884270745	-3.3715222105499
"NPHP3"	0.34662054215625	-3.67491633235	2.27351266485215	0.0265209625354625	0.500583167856854	-3.55284401594633
"IL1RAP.1"	-0.301883993883928	-4.77359021916667	-2.17840760777185	0.0332425927725181	0.560178264730174	-3.73516225415369
"BTD"	0.185816047223214	-2.23576340093333	2.17654308422862	0.0333881084938514	0.560178264730174	-3.73867113096948
"C1QB"	0.163770865325893	0.75630507915	2.12330789050745	0.0377850451278564	0.60058334887435	-3.83778109867286
"PCOLCE"	0.169790175441965	-5.1984824243	2.08607110450501	0.0411531110604893	0.608429731911281	-3.90586386415706
"C4A"	-0.401751568834821	-4.39025510145	-2.07391127035824	0.0423080277156851	0.608429731911281	-3.92787338167251
"LPA"	-1.07417761277232	-0.398896082883333	-2.00772329982472	0.0490991252488423	0.608712027675003	-4.04573144618181
"GSN"	-0.165977770741072	3.05207516095	-2.00091138463921	0.049848572097848	0.608712027675003	-4.05767363270377
"KNG1_2"	0.311470495107143	-4.89185099246667	1.99199813264555	0.0508440354164254	0.608712027675003	-4.07324658312668
"MASP1"	0.257895410772321	-2.2390173216	1.99197320472393	0.0508468432069756	0.608712027675003	-4.07329005180362
"PON1"	-0.191781136325892	3.51354226415	-1.97831262824783	0.0524056712567883	0.608712027675003	-4.09703992528908
"INHBC"	0.186973505544642	-5.5285333324	1.960668223663	0.0544795436194301	0.609363784187699	-4.12750545736435
"FCN3"	0.256166782169643	0.349937419216667	1.9163141688899	0.0600047699666505	0.615641170651386	-4.20303544676368
"C5"	0.0969337447276785	3.56103674061667	1.88374481851532	0.0643590040812831	0.615641170651386	-4.25753139656642
"HV169"	0.485969288330357	-4.44922261195	1.87946860196701	0.0649500779621983	0.615641170651386	-4.26462539807595
"IL1RAP"	-0.21207478759375	-4.87251005188333	-1.87501423861005	0.0655706486747614	0.615641170651386	-4.27199981681264
"PROS1"	0.139683132098214	1.98963447091667	1.84996656719446	0.0691542103818037	0.615641170651386	-4.31317956357157
"TYMP"	0.401840677441964	-3.55522653131667	1.84658182735688	0.0696508809272355	0.615641170651386	-4.31870668529795
"MGP"	0.203458758678571	-5.17259509521667	1.83526993620128	0.0713325891978041	0.615641170651386	-4.33711339323921
"CFHR2"	-0.406287322866071	-2.62543757676667	-1.83515971166688	0.0713491422940348	0.615641170651386	-4.33729225725373
"ACTBL2"	0.32020974021875	-3.72251901613333	1.78633369691982	0.0790054555345587	0.662767988095465	-4.41558351292256
"COL6A3"	-0.262926928888392	-4.96261294705	-1.74579043480786	0.0858725562554921	0.700905729436719	-4.47916018223524
"IGJ"	0.245618957495535	3.04662805411667	1.70004036892098	0.0942075567208027	0.748702161307432	-4.54932674715071
"F13A1"	-0.199115713696428	-0.206441499233333	-1.66425509999405	0.101180829631578	0.764359339584063	-4.60303770113649
"HV439"	0.230237663415178	-2.26607091908333	1.65370897999895	0.103314480256785	0.764359339584063	-4.61866916485454
"KV320.2"	-0.268426447973214	-5.29918962671667	-1.64643289259476	0.104807809382405	0.764359339584063	-4.62940121616449
"FETUB"	0.1880535120625	0.0775278439333333	1.63011669917942	0.108220375744231	0.764359339584063	-4.65331084654528
"PON3"	-0.186830278044643	-0.9479361376	-1.61239025292391	0.112029453686428	0.764359339584063	-4.6790413510731
"ATRN"	0.116075548919643	-1.36348434393333	1.60959925521313	0.112638944253633	0.764359339584063	-4.68306920910713
"HV307_2"	0.225611947357142	2.22842038731667	1.59740268532345	0.115333889583168	0.764359339584063	-4.7005960965414
"DSP"	-0.232251776205357	-4.35360697333333	-1.59252725358497	0.116425594771082	0.764359339584063	-4.70756819688666
"HPR"	-0.254308221392858	1.72210793423333	-1.57461204648529	0.120508776720133	0.76546617919988	-4.73302038295276
"C9"	-0.155708900517857	2.06469770095	-1.56963412014958	0.121663498680776	0.76546617919988	-4.74004573730376
"KV116"	0.374168118151786	-2.68606969303333	1.53376259762734	0.130248720807711	0.800580942652685	-4.79006754785081
"HV333"	0.313246253366071	-4.23758328696667	1.52385808760426	0.132702208571108	0.800580942652685	-4.80369178835691
"DYNC1H1"	-0.178103504138392	-2.83962836443333	-1.51393296733486	0.135197443957904	0.800580942652685	-4.81726282306838
"CEP290"	0.266459109205357	-5.01558679448333	1.49693525728444	0.139556891939347	0.81050348780159	-4.84031449913075
"HV353"	0.257255509629464	-1.51030010531667	1.4842611634114	0.142879027645492	0.814140874508274	-4.85734617352286
"ECM1"	-0.132497332825893	0.916877493683333	-1.46048484761425	0.149278707860287	0.818749878561189	-4.88893560689633
"IGHM"	0.279694642651785	4.89818045286667	1.45420515113698	0.151005851732424	0.818749878561189	-4.89719994367398
"HV323"	0.18285271415625	-0.73829390795	1.42632680637876	0.158862381017171	0.818749878561189	-4.93348959009846
"SERPINA3"	-0.0843497150446436	5.01570477866667	-1.41614600159295	0.161809250228345	0.818749878561189	-4.94657921574376
"MAN2B2"	0.213648828745536	-2.73216144846667	1.40996957582949	0.16361753963091	0.818749878561189	-4.95447778394163
"KV320"	0.208143891459821	-4.26216442923333	1.40737722365229	0.164381144027866	0.818749878561189	-4.95778336326027
"ITIH3"	-0.140297437392857	0.64029321595	-1.40225636941072	0.165897624372961	0.818749878561189	-4.96429643754007
"IGLC2"	-0.248054609491071	-4.49559405605	-1.38613180049901	0.170743194355851	0.818749878561189	-4.98466010710381
"A2M"	-0.11908783728125	7.93963114403333	-1.38442207085932	0.171263288787217	0.818749878561189	-4.98680642301176
"IGHD"	-0.944690339651786	-1.3438631746	-1.38037894469902	0.172498029879157	0.818749878561189	-4.99187212940168
"ADIPOQ"	-0.26609497821875	-2.91262890396667	-1.37708208160259	0.173509908039457	0.818749878561189	-4.9959925788203
"CP"	-0.107481072375	5.6786190224	-1.34453661454498	0.18374394717619	0.830933758714757	-5.03617312820673
"CNDP1"	-0.213508724745535	-0.9118330869	-1.34362624177385	0.184036668913022	0.830933758714757	-5.0372841230672
"C3"	0.0812353608214278	8.56029928795	1.33884222577795	0.185580741484675	0.830933758714757	-5.04311080659397
"VCL"	0.280333725066964	-3.885215568	1.32672145452797	0.189536717093793	0.830933758714757	-5.05778593253463
"PFN1"	0.276690300526786	-4.22834809043333	1.32577250273305	0.189849103812312	0.830933758714757	-5.05892957682179
"AZGP1"	-0.150970184669643	2.59385973453333	-1.3103887513506	0.1949676579614	0.835057537845588	-5.07736220888035
"SERPINA6"	-0.140618224683036	0.165188511966667	-1.30637076174138	0.196321474129261	0.835057537845588	-5.0821431824319
"LV147"	-0.171613996401785	-0.143172612533333	-1.28226193128477	0.204593171511089	0.858154691615956	-5.11053953993769
"FLNA"	0.267466730683036	-4.22405177918333	1.27111368890321	0.208504807551447	0.862581532610095	-5.1235016791594
"HV102"	-0.35402399315625	0.47023649265	-1.25738259880728	0.213398697472684	0.86962147950003	-5.13931995447207
"IGFBP3"	0.144263986142857	-1.17249797178333	1.250273456909	0.215965599213584	0.86962147950003	-5.14744589175573
"APOM"	-0.10883000578125	2.16812413775	-1.22225742551586	0.22630318396421	0.899257388910413	-5.17904411220812
"ACTA1"	0.203827536875001	-4.18240328883333	1.19101960317681	0.238250945477812	0.915592783517128	-5.21347466557381
"PZP"	-0.317911393549107	0.136932229916667	-1.17840522405994	0.243202844282708	0.915592783517128	-5.22713808781871
"COLEC11"	-0.200635032897321	-4.2836667782	-1.15405576701992	0.252970166647338	0.915592783517128	-5.25312050537572
"MBL2"	-0.342258506370536	-3.98967042035	-1.15107569892803	0.254184536081408	0.915592783517128	-5.25626489755529
"IGHA2"	-0.360942425758928	0.9138937675	-1.14214834677275	0.257847265972689	0.915592783517128	-5.26563807076872
"F11"	0.171256193870536	-1.76101759373333	1.12676217776533	0.264247651733839	0.915592783517128	-5.28162898822075
"CFP"	-0.149422944861607	-2.43737590686667	-1.12206841984036	0.266222337540379	0.915592783517128	-5.28646596233718
"SERPING1"	-0.222628699758928	3.57238800528333	-1.11648307719363	0.268585648391983	0.915592783517128	-5.29219655986514
"NCAM1"	0.230326116116071	-2.47193533891667	1.11113789756142	0.270861128179713	0.915592783517128	-5.29765512326942
"ABCF1"	-0.147409518977678	-2.24977836505	-1.10240527367211	0.274607726110466	0.915592783517128	-5.30651902548766
"CFHR5"	0.160147861566964	-2.8946429642	1.09040158776444	0.279816679682518	0.915592783517128	-5.3185937965224
"FN1"	0.136441305843749	6.4020247027	1.08726918002349	0.281187225578497	0.915592783517128	-5.32172390283311
"TPM4"	0.262277947575893	-4.15310018931667	1.08265626341426	0.283214038426824	0.915592783517128	-5.32631770538931
"KV133"	-0.166635544267857	-2.95699921438333	-1.08137157115559	0.283780304798105	0.915592783517128	-5.32759373862958
"LV151"	0.219059418566964	-1.65095514138333	1.07983390473466	0.28445910927045	0.915592783517128	-5.32911912969088
"LV657_2"	0.279124295816964	-3.33367262243333	1.06839972178193	0.289542049623631	0.915592783517128	-5.34039667607836
"SCP2"	0.211942662330357	-3.23046960531667	1.06247577379005	0.292199980623836	0.915592783517128	-5.3461941296899
"C1RL"	0.231402788017857	-1.13304977261667	1.06189708444505	0.292460522059312	0.915592783517128	-5.34675880182959
"EFEMP1"	0.273320561727678	-1.22457638281667	1.05774478720885	0.294334686040227	0.915592783517128	-5.35080184920102
"C4B"	-0.258390748660714	-0.7305689935	-1.05098640002594	0.297402733387666	0.915592783517128	-5.35734985449001
"C4BPA"	-0.124102444522321	3.45236707476667	-1.0480080289505	0.298761728818281	0.915592783517128	-5.36022269857058
"AFM"	0.134690316098214	3.78163652996667	1.04781987721574	0.298847722656101	0.915592783517128	-5.36040392054051
"F13B"	-0.130703973339286	0.175771615933333	-1.04358654530537	0.300787022545221	0.915592783517128	-5.36447306025647
"APOB"	0.106929749401785	5.80509499696667	1.03839623343382	0.303176418383155	0.915592783517128	-5.3694404302404
"CFD"	0.16118261778125	-3.66591215568333	1.02815047547939	0.307930985800884	0.92074413576106	-5.37917609841339
"GPR116"	0.156085384504464	-1.81184533713333	1.01533111838914	0.313950686202245	0.92954026699096	-5.39122623575397
"PRDX2"	-0.187218314888392	-5.33817896833333	-0.99638178213188	0.322993284371496	0.936796254169739	-5.4087714063531
"KLKB1"	0.0786327932187499	2.27090191596667	0.994348802201611	0.323973656554063	0.936796254169739	-5.41063478987884
"HRG"	0.0936366922187499	3.80617308343333	0.981178517356553	0.330372882749612	0.936796254169739	-5.42261731505475
"APOA2"	-0.0918125334330359	4.32624402271667	-0.97038625008027	0.335678750942106	0.936796254169739	-5.43232115285434
"MASP2"	0.136479326165178	-3.70327685961667	0.95119882285175	0.345250033390003	0.936796254169739	-5.4493170079185
"LDHB"	-0.224854820589285	-2.21873089076667	-0.937191012309529	0.35234907548859	0.936796254169739	-5.46151723204845
"C1QC"	0.078503419098214	1.9230611844	0.917942997389145	0.362257095702756	0.936796254169739	-5.47799514103471
"LUM"	0.0703493531026784	0.728350827416667	0.912429587013428	0.365127797778279	0.936796254169739	-5.48265393888632
"MCAM"	-0.140820172959821	-4.41327733481667	-0.902768042598921	0.370193336190548	0.936796254169739	-5.49075214874933
"LV321.1"	0.207213257758928	-0.06010743535	0.90085200466526	0.371203203999634	0.936796254169739	-5.49234820110793
"KVD16"	0.0960949639374999	-1.59961657731667	0.898004890318542	0.372707037234578	0.936796254169739	-5.4947137501523
"MMRN1"	-0.0949377749776784	-3.33941366441667	-0.885576602605338	0.379316799464426	0.936796254169739	-5.50495464618532
"IGF2"	0.0619814857098213	-3.06606069205	0.868322014920806	0.388614998434499	0.936796254169739	-5.51894218295489
"PSTK"	-0.0785677923794645	-5.72543254456667	-0.863961435756987	0.39098716996235	0.936796254169739	-5.52243469963914
"KVD33_2"	-0.133694252325893	-1.93313676138333	-0.861431558730965	0.392367554358506	0.936796254169739	-5.52445310290144
"PCYOX1"	0.15536352959375	-3.34371707013333	0.846792705618773	0.40041430656386	0.936796254169739	-5.53601911655161
"PROC"	0.0824645081205355	-2.49544767371667	0.842753240353669	0.40265250779066	0.936796254169739	-5.53917663751088
"SERPINF1"	0.0656408847589285	1.71391089505	0.841506321583327	0.40334495428459	0.936796254169739	-5.54014834010328
"HNRNPM"	-0.150529579276786	-3.05368978806667	-0.837957577812728	0.405319660580876	0.936796254169739	-5.54290613547541
"PLG"	0.0437731507901779	4.9057785716	0.833909869898511	0.407579230174614	0.936796254169739	-5.54603780528338
"HPX"	0.0489487398616065	6.58462570545	0.809044169057226	0.421628163005446	0.936796254169739	-5.56495129256103
"LV657"	0.24962736015625	-3.77542922891667	0.809003723501523	0.421651249067635	0.936796254169739	-5.56498160094776
"CLU.1"	-0.0415901237723216	3.30893501108333	-0.800047055966775	0.426782344971743	0.936796254169739	-5.57165691583297
"CLU"	-0.0427535408794647	4.20205752631667	-0.793581930062002	0.430509159249695	0.936796254169739	-5.57643015848081
"F2"	0.043928236424107	4.92842729261667	0.791369016934413	0.431789223394469	0.936796254169739	-5.57805526521788
"C4BPB"	-0.0618515266517856	-1.03419163841667	-0.778267333322462	0.439414087383004	0.936796254169739	-5.58758584237137
"CAMP"	0.124201520674107	-4.78559792461667	0.772271361238222	0.442929860471483	0.936796254169739	-5.59189555773033
"ASS1"	-0.193470994883928	-3.50161017853333	-0.770198045782139	0.444149385096674	0.936796254169739	-5.59337819785641
"C1QA"	0.0576026908125001	2.1030845496	0.769501522226521	0.444559520752855	0.936796254169739	-5.59387541009804
"SAA1"	-0.229765646763393	-1.28743798141667	-0.765314226478384	0.447029798448	0.936796254169739	-5.59685521869476
"SCLT1"	0.0878437225223216	-5.32606370683333	0.762920739604767	0.44844541255793	0.936796254169739	-5.59855134407971
"C8G"	0.0624812935714284	1.54037241075	0.761699629486821	0.449168634830992	0.936796254169739	-5.59941466899674
"DBH"	-0.18375604759375	-1.86313252413333	-0.758627467887107	0.450991168156754	0.936796254169739	-5.60158069479068
"ITIH4"	0.0532965375312496	3.94830927801667	0.757706711352281	0.451538233306835	0.936796254169739	-5.60222820303456
"FCGBP"	0.135537293955357	-2.02986614186667	0.742456841797886	0.460654670972462	0.936796254169739	-5.61284033133132
"KVD28"	0.0933483751026788	-4.82638524076667	0.742075012411549	0.460884275868702	0.936796254169739	-5.61310332522467
"LV140"	0.126874671299107	-3.83003345928333	0.737453392969071	0.463668580815282	0.936796254169739	-5.61627605008488
"CST3"	-0.0903680357901785	-2.49693294443333	-0.736891205406744	0.464007925773706	0.936796254169739	-5.61666066337149
"APOC2"	0.122122904022321	2.1132595013	0.736505658125795	0.464240729859367	0.936796254169739	-5.61692426418091
"CDK5RAP2"	0.124966740883929	-4.87244590335	0.735020724693336	0.465137995789837	0.936796254169739	-5.61793825693512
"TF"	0.0421307000535707	9.39992131901667	0.731192392958077	0.467455803205753	0.936796254169739	-5.62054318722306
"CFI"	0.0575932135133928	1.94344004518333	0.727285723001665	0.469827787854387	0.936796254169739	-5.62318765973451
"CDHR5"	0.0788574800937499	0.307436675716667	0.711482038606119	0.47949242416345	0.936796254169739	-5.63374342019254
"PGLYRP2"	0.0522187043482142	1.69181374961667	0.711152138201263	0.479695350355298	0.936796254169739	-5.63396134404484
"SAA4"	-0.0941634932812499	1.51912943375	-0.711127132136638	0.479710733880197	0.936796254169739	-5.63397785836994
"PIGR"	0.144459459705357	-3.74728136571667	0.708769557588722	0.481162332224134	0.936796254169739	-5.63553226858353
"C8B"	-0.0677353942366071	0.6839063003	-0.693315896117694	0.490737826552254	0.936796254169739	-5.64559566174575
"OLFM1"	-0.0920047806517859	-4.19169684113333	-0.691094278526392	0.492122978050344	0.936796254169739	-5.64702444623551
"MSN"	0.121456961397321	-3.94314260935	0.687501063676529	0.494367845385129	0.936796254169739	-5.64932579884422
"LGALS3BP"	0.122088449723214	-1.64149566768333	0.682421074550536	0.497551129192486	0.936796254169739	-5.65255925625713
"ITIH2"	0.0414563618526784	4.83540675533333	0.664487353522872	0.50887784665415	0.936796254169739	-5.66378552189995
"SAA2"	-0.177684789267857	-4.00318055805	-0.662941454468876	0.509860660669214	0.936796254169739	-5.66473945716663
"PROZ"	-0.200903375517857	-2.40145343555	-0.655468096283097	0.514626207956466	0.936796254169739	-5.66932022176042
"NUP205"	-0.0944115543258927	-2.54539919186667	-0.654943325613312	0.514961728444532	0.936796254169739	-5.66963995601721
"SERPINA7"	0.0771849766919643	-0.556630918133333	0.654552716893876	0.51521154592565	0.936796254169739	-5.66987778382551
"CPN1"	0.0536377640982142	0.235108522983333	0.648855068691375	0.518862848586284	0.936796254169739	-5.67333099120981
"KV315"	-0.0786933936651786	2.32442428736667	-0.639402155031122	0.524950769145638	0.936796254169739	-5.67899455262037
"ATP5A1"	-0.105646628513392	-4.62341543818333	-0.637211876104141	0.526366694256858	0.936796254169739	-5.68029513352454
"APCS"	0.0769172413303571	-1.75673656593333	0.62929533435762	0.531501033830858	0.936796254169739	-5.68495926006382
"FCN2"	-0.0933468265312498	-2.6335299024	-0.626319774225559	0.533437564207975	0.936796254169739	-5.6866974803502
"MYBPC2"	0.0616790060669642	-4.70852657613333	0.625674597043914	0.533857934898227	0.936796254169739	-5.68707329891279
"HV146"	0.0861303486160715	-3.56668630225	0.621733098511247	0.536429770135543	0.936796254169739	-5.6893609428952
"THBS1"	-0.19551779921875	-3.05654546558333	-0.612412090744402	0.542537057984309	0.936796254169739	-5.69471410389564
"MTHFD1"	0.158695487102679	-4.2592949992	0.610424718572014	0.543843798155357	0.936796254169739	-5.69584515428805
"APOA4"	-0.0638369309419645	4.92984225961667	-0.608884092432461	0.54485789590146	0.936796254169739	-5.69671945661182
"HBB"	-0.0888418833973214	2.10895362411667	-0.608574375188432	0.545061879496569	0.936796254169739	-5.6968949572865
"ATP11B"	0.0319171228705358	-1.44214148893333	0.607349632414537	0.545868890591017	0.936796254169739	-5.69758809204424
"COMP"	-0.0567702230133929	-5.19322928416667	-0.607145819086529	0.546003246766647	0.936796254169739	-5.697703305034
"SELL"	0.0624593030044646	-4.09765390401667	0.601060418048119	0.550022538393784	0.936796254169739	-5.70112571633488
"C1S"	0.0297014426473213	2.35640506448333	0.599862947104694	0.550815200426503	0.936796254169739	-5.70179516254674
"IGHA1"	-0.100731549013393	5.92641800805	-0.598001016424657	0.552048842322674	0.936796254169739	-5.70283345666282
"LV211"	0.111327349089286	-4.30758834703333	0.597444477665658	0.552417852679053	0.936796254169739	-5.70314318833068
"A1BG"	0.0405517537633928	5.1219153824	0.59164618285389	0.556269746440729	0.936796254169739	-5.70635318425209
"APOH"	0.0664043411294639	3.89665483156667	0.590940436100895	0.556739499387042	0.936796254169739	-5.70674178221308
"AHSG"	0.0486399363750002	4.9688234824	0.588734359007283	0.558209165314922	0.936796254169739	-5.70795353701612
"CPN2"	-0.0570059966250001	0.93558281505	-0.582089079242019	0.562647828803606	0.936796254169739	-5.71157660101215
"ORM1"	-0.0666669597187506	6.0903378949	-0.580763188486343	0.563535532198603	0.936796254169739	-5.71229462530631
"B2M"	-0.061926262535714	-4.70042060848333	-0.575659227264618	0.566959151897117	0.936796254169739	-5.71504352624129
"CPB2"	0.0373955003660713	0.208149869433333	0.575523770512435	0.567050152150229	0.936796254169739	-5.71511615411594
"CAPZB"	-0.0856580935624997	-4.36183154031667	-0.575241037823651	0.56724011592571	0.936796254169739	-5.71526769253081
"SERPINA5"	0.282733713950892	-3.106831445	0.567473535290081	0.572471163805019	0.936796254169739	-5.71940211055226
"APOE"	0.0706807721116066	4.43419704515	0.56448461990967	0.574490294406014	0.936796254169739	-5.72097821841735
"SH3GL3"	0.144368960111607	-2.28077953616667	0.556670727452873	0.579785143667501	0.936796254169739	-5.72505973400959
"MST1"	0.0846850358169646	-2.9148796691	0.554612992026084	0.581183398004981	0.936796254169739	-5.72612521287604
"HV333_2"	-0.109631374165178	-2.26719308665	-0.542431042552348	0.589494106369685	0.936796254169739	-5.73235295874773
"SERPINF2"	0.0286529333883924	3.71302042436667	0.540237460384294	0.590996547560257	0.936796254169739	-5.73345983597563
"F7"	0.134436351607144	-4.91409809783333	0.538584886866416	0.592129628418162	0.936796254169739	-5.73429078928524
"KVD33_3"	0.0693086021607143	-3.99470005796667	0.531663738712757	0.596886150643873	0.936796254169739	-5.73774352846278
"HABP2"	0.0717960159464284	-1.08447485031667	0.530692085351236	0.597555338057328	0.936796254169739	-5.73822471613943
"LV144"	0.0944089842276785	-1.93060179981667	0.528776251242626	0.598875814829005	0.936796254169739	-5.73917093303289
"KV139"	-0.0849754631339283	-4.82244092918333	-0.528076721636521	0.599358298927645	0.936796254169739	-5.7395155812607
"KRT17"	-0.140012927611607	-3.147817828	-0.520596328548351	0.604528966226806	0.936796254169739	-5.74317281440026
"ATRN.1"	-0.0386557683526783	-1.89238451396667	-0.513459595185789	0.609481118693531	0.936796254169739	-5.74661385418087
"IGFALS"	-0.0664188034866072	2.23677573978333	-0.509166919261965	0.61246866372803	0.936796254169739	-5.74866094093714
"APOL1"	0.0458042872098212	1.96756539625	0.505894483182625	0.614750605602173	0.936796254169739	-5.75021005717397
"HV270"	0.186115116151786	-2.97189366968333	0.50587332844076	0.614765369739021	0.936796254169739	-5.75022003927279
"HV313"	-0.0858672314285713	-0.651948633333333	-0.501018246952311	0.618158006763645	0.936796254169739	-5.75250002034256
"F5"	-0.0513204788749999	-0.256342264816667	-0.494751386279544	0.622549524266143	0.936796254169739	-5.75541076021347
"ALB"	0.0304795582589278	11.1597367483333	0.493402108222197	0.623496844662641	0.936796254169739	-5.7560327012999
"CRISP3"	-0.0773979774955358	-3.32994850511667	-0.485470172551629	0.629078681037278	0.940503770659692	-5.75965482530408
"ORM2"	0.0542426147455355	2.88180077856667	0.4796029943246	0.633221557121863	0.941683712186134	-5.76229661880689
"IGLL5"	-0.0645646494866072	2.78643013091667	-0.467393506481647	0.641880571339815	0.941683712186134	-5.76769198489579
"FGG"	-0.0390676011696434	7.97675491365	-0.457812501561332	0.648710650656479	0.941683712186134	-5.77182914747554
"CD5L"	0.0676215893214285	-0.428798912183333	0.456529202333287	0.649627805770833	0.941683712186134	-5.7723768287185
"IGKC"	-0.0468920245580354	6.20935485845	-0.436547379629867	0.663978000028597	0.941683712186134	-5.78070765035933
"SERPINC1"	-0.0258964797410718	4.96396066131667	-0.433164885246885	0.66641991561827	0.941683712186134	-5.78208123712871
"AMBP"	0.0253664573928567	3.30543654563333	0.426910102353732	0.670944955165371	0.941683712186134	-5.78459326100183
"HV330"	-0.0935151981830354	-3.2913182704	-0.423513845732263	0.673407131553914	0.941683712186134	-5.78594204612208
"PPBP"	-0.0861063410624997	-1.39522432415	-0.410323485113786	0.683003564126768	0.941683712186134	-5.79107890744687
"ZNF10"	0.0695700143169643	-4.50030338965	0.406831091761534	0.685553294118827	0.941683712186134	-5.79241193808545
"HBA1"	-0.054147921174107	2.03996235485	-0.401175463222142	0.689690143352391	0.941683712186134	-5.7945466382682
"LCAT"	0.0263285696473215	-0.716909526116667	0.400446980544545	0.69022369197984	0.941683712186134	-5.79481944175431
"KNG1"	0.0268348146473212	3.34842083196667	0.40029669782238	0.690333780320915	0.941683712186134	-5.79487565854923
"IGHG4"	-0.163259147575892	1.54184823548333	-0.39784586008743	0.692130066838233	0.941683712186134	-5.79578949077956
"VWF"	-0.0995546942901786	0.409477498866667	-0.390314410325314	0.697661151499465	0.941683712186134	-5.79856277720407
"C6"	0.0415991793750001	1.87799938775	0.387738698054274	0.699556552355366	0.941683712186134	-5.7994991278948
"F12"	0.0542642391473213	1.70819264061667	0.38531428879538	0.701342367668451	0.941683712186134	-5.80037484123203
"SEPP1"	0.0416048945892856	-0.4332293026	0.376164151446152	0.708097512226743	0.941683712186134	-5.80363070170844
"ILK"	0.0345721721160714	-3.52107270213333	0.372924636428169	0.71049479017037	0.941683712186134	-5.80476474533391
"SERPINA10"	-0.0496563354196427	-2.08426578653333	-0.371151029139331	0.711808525987497	0.941683712186134	-5.80538148993132
"IGHG3"	-0.0628934967410714	-0.114475249583333	-0.370321743386851	0.712423090791216	0.941683712186134	-5.80566885739467
"TAGLN2"	-0.0624459988839282	-4.81694997341667	-0.366585786139547	0.71519409205747	0.941683712186134	-5.80695552376007
"HGFAC"	0.0483080643303572	-1.42204770891667	0.363404634300303	0.717556625149155	0.941683712186134	-5.80804087927506
"HV434"	-0.0572303146071425	-3.0980050946	-0.362826342459077	0.717986401117812	0.941683712186134	-5.80823717135405
"SLFN11"	-0.0445394696026786	-2.24402447971667	-0.359363892017393	0.72056154011366	0.941683712186134	-5.80940593658261
"APOC3"	0.0481272359732145	4.71834892965	0.357205968941425	0.72216810550816	0.941683712186134	-5.81012870983598
"FRMPD1"	-0.042724321566964	-5.1127625983	-0.353966205075175	0.724582454433273	0.941683712186134	-5.81120569670705
"LV743"	0.0576003701696429	0.349823789816667	0.3536399818763	0.724825719787596	0.941683712186134	-5.81131360093227
"LYZ"	-0.041093589897321	-4.0277836001	-0.352001705492614	0.726047816063539	0.941683712186134	-5.81185399265743
"HV307"	-0.0465778806205357	-0.537597476116667	-0.348062870247665	0.728988968592916	0.941683712186134	-5.8131430082467
"SERPINA4"	0.0352218148214285	0.570376784083333	0.343503635336029	0.732398485407407	0.941683712186134	-5.81461701940437
"HV330_2"	-0.0740095808526783	-3.48455044488333	-0.341445535988568	0.7339393663277	0.941683712186134	-5.81527606729722
"CFHR4"	-0.0750938478526784	-4.15462576386667	-0.340663503113776	0.734525155886633	0.941683712186134	-5.81552545701342
"C1R"	0.0242911532499999	1.99025175623333	0.335173832560392	0.738641687385448	0.941683712186134	-5.81726007727575
"KV310"	0.0751941306383936	-4.24882063251667	0.330943548855089	0.741819097089601	0.941683712186134	-5.8185776092873
"AGT"	0.0336547645848211	3.3717016691	0.330541120812574	0.742121600994371	0.941683712186134	-5.81870207815212
"C7"	-0.0386007782053571	0.655636355433333	-0.322361530510125	0.748278960251498	0.945524041824068	-5.82119928279615
"GC"	0.0190745833928579	5.83427440275	0.307273835217926	0.759679539417287	0.949946055341999	-5.82564194124296
"GAPDH"	-0.0711613321160712	-3.79792190153333	-0.305585424748977	0.760958726345915	0.949946055341999	-5.82612590182291
"CTTNBP2"	0.0752308876651786	-3.96387357473333	0.303786769638983	0.762322174610407	0.949946055341999	-5.8266385387415
"TLN1"	0.0612608845803574	-3.37333203261667	0.297199313381994	0.767322140527915	0.949946055341999	-5.82849028231541
"CA1"	-0.0517688445089283	-2.68267536183333	-0.295507225933673	0.768608070419118	0.949946055341999	-5.82895939825537
"KVD33_4"	0.0616726564598215	-1.02698494248333	0.29282001472662	0.770651601188046	0.949946055341999	-5.82969891550942
"GP5"	0.0477973037812502	-3.6511112444	0.288630323283001	0.773840968054486	0.949999887611605	-5.83083847653168
"MYH9"	0.0534935929330357	-2.19636436773333	0.267332756570818	0.79011302471007	0.953598951697647	-5.83637801368583
"IGHG1"	-0.0292629596294642	6.33856326173333	-0.26239699403988	0.793897829856818	0.953598951697647	-5.83760139394633
"CFHR1"	-0.0570492550982143	-2.8546767011	-0.260731537582326	0.795176050889562	0.953598951697647	-5.83800906312287
"MYH7"	-0.0497929064508924	-3.92319076291667	-0.259607597251605	0.796038982492235	0.953598951697647	-5.83828271693582
"HV348"	0.0303630184285715	-1.9059930331	0.259607514684077	0.796039045894799	0.953598951697647	-5.8382827369958
"KVD33"	0.0383785505669645	-2.72125358873333	0.249403079145618	0.803885312216933	0.953598951697647	-5.84071331565473
"IGF2R"	-0.0482887114374996	-4.26084875443333	-0.24147244036951	0.809997298848208	0.953598951697647	-5.84253514708649
"KV320.1"	-0.047057881008928	-4.32681867771667	-0.240037467213209	0.81110448601514	0.953598951697647	-5.8428585137122
"LV319"	0.0293675614017856	0.97447678345	0.236427208162573	0.813891774139178	0.953598951697647	-5.84366356674693
"C8A"	-0.0222895744776786	1.94706464276667	-0.233596233820963	0.816079110579562	0.953598951697647	-5.84428632937947
"FGA"	-0.0172471391562495	9.16635158678333	-0.231327851903925	0.817832824302704	0.953598951697647	-5.84477992857758
"FBLN1.1"	-0.0299059602276786	-2.80813762338333	-0.23046986837229	0.81849638593846	0.953598951697647	-5.84496537246074
"FERMT3"	-0.0375185080624995	-4.57464055696667	-0.228613344102411	0.819932671202484	0.953598951697647	-5.84536428583566
"SERPINA1"	0.0141865250491072	7.84038633955	0.224781016920732	0.822899473624629	0.953598951697647	-5.8461775566015
"TTN"	-0.0314067571160714	-1.99273694103333	-0.2231836559286	0.824136842361212	0.953598951697647	-5.84651248555898
"KV311"	-0.0335178173437499	2.4829086275	-0.215213305271836	0.830317575067545	0.95708361706259	-5.84814804726615
"FBLN1"	0.0155291844642857	0.08763708525	0.202939192282255	0.839856669675469	0.961921745385806	-5.85055063803219
"ACAA2"	-0.0279873612633931	-3.64959010381667	-0.201617606850083	0.840885234376995	0.961921745385806	-5.85080093260483
"TFRC"	-0.023556327973214	-2.34847739888333	-0.194978372123864	0.84605660086497	0.96418525834423	-5.85203362620658
"INPP5E"	0.0242036894241072	-3.20268176278333	0.186876711984291	0.852376260313646	0.967735453438801	-5.85348200892331
"FGB"	-0.0130641373928566	8.94480864345	-0.180124080430556	0.857651065938508	0.970077235630822	-5.8546423138151
"C2"	-0.00883050721428574	2.19588992811667	-0.158501467247822	0.874584234337575	0.980113138110731	-5.85807076120342
"LYVE1"	-0.0241858821071429	-3.84725311726667	-0.158496775823718	0.874587914992335	0.980113138110731	-5.85807145760409
"TTR"	0.0234837491919641	-0.0287902408	0.15636575796616	0.876260090363898	0.980113138110731	-5.85838565912307
"FAM3C"	0.0177092229598217	-5.28264835801667	0.141355728867047	0.888053827317972	0.985210404091804	-5.86047838141138
"VASN"	-0.0159035305357145	-2.58090242691667	-0.139827027850979	0.889256436580663	0.985210404091804	-5.86067968424264
"ENO1"	-0.0185786965044642	0.42168709415	-0.138114326046331	0.89060410701014	0.985210404091804	-5.86090261861686
"PI16"	-0.0182175664062501	-4.44765550241667	-0.114316163530415	0.90936188968777	0.994011012167401	-5.86371615267958
"RYR2"	0.014848716924107	-2.27263004045	0.11426470400442	0.909402510341594	0.994011012167401	-5.86372166196981
"GP1BA"	-0.0134794854330355	-3.79189592768333	-0.110837957361063	0.912108025422848	0.994011012167401	-5.86408295170076
"ITIH1"	-0.00616160427678617	4.29261798526667	-0.105662574034216	0.916196108993044	0.994011012167401	-5.8646077612472
"FAM161B"	0.0103892677723217	-4.85461475536667	0.103226807824599	0.918120936562205	0.994011012167401	-5.86484608012399
"CETP"	-0.0117753587187496	-4.34195790181667	-0.0995762807999772	0.921006627990391	0.994011012167401	-5.86519285002466
"GPLD1"	0.0113960349955356	0.463098792116667	0.0965460904613158	0.923402763247811	0.994011012167401	-5.86547121424837
"F9"	0.0103716054598214	-1.41399539226667	0.0945148698069012	0.925009359412929	0.994011012167401	-5.86565299554443
"PF4"	0.0209613720044646	-2.45688283438333	0.0895162005381415	0.928964383315323	0.994011012167401	-5.86608388979575
"PTPRC"	-0.0133766047321428	-4.18158581158333	-0.0863456685928046	0.931473895507863	0.994011012167401	-5.866345066611
"LV325"	0.0120126560714284	2.10472672808333	0.0762955229216571	0.939433193498817	0.998617174103393	-5.86711073744435
"KV230"	0.0148985257767856	-0.21410718905	0.0722170004149986	0.942665029745746	0.998617174103393	-5.86739447297326
"IGHM.1"	0.0207172657053573	0.230171422733333	0.0661551465731334	0.947470236447212	0.998617174103393	-5.86778739597539
"AFG3L2"	-0.00817728158482099	-4.48603883166667	-0.062111708505292	0.950676553303334	0.998617174103393	-5.86803034980812
"KV320_2"	0.00712090751339292	0.917455791233333	0.0494464877111713	0.960724720405625	0.998617174103393	-5.86869223118218
"LCP1"	-0.0108934916875001	-2.95476024423333	-0.0493382133117214	0.960810651639065	0.998617174103393	-5.86869724174877
"LV321"	0.0134672866785713	-1.40559218078333	0.0403860897314767	0.967916960741332	0.998617174103393	-5.86907352132289
"TGFBI"	-0.00725529287499992	-2.33002446353333	-0.0378494988194058	0.969931038692194	0.998617174103393	-5.86916648924076
"LBP"	0.00403114387500013	-1.61645228435	0.0338605366726103	0.973098706056643	0.998617174103393	-5.8693004939395
"IGHG2"	0.00549179771874957	5.18926727953333	0.0289308019577425	0.977014043840569	0.998617174103393	-5.86944550654187
"CD14"	-0.00503287814285704	-1.05946742203333	-0.0288608900902396	0.977069574176282	0.998617174103393	-5.86944739932113
"MAP4"	-0.00344394776785721	-0.38418892075	-0.0279304702638341	0.977808608586951	0.998617174103393	-5.86947215330494
"APOC1"	-0.00304515286607157	1.40181355815	-0.0213487811603744	0.983036977832935	0.998617174103393	-5.86962409843503
"CFB"	-0.00107627221428526	4.91750772011667	-0.0154270389815756	0.987741742459955	0.998617174103393	-5.8697261217094
"GPX3"	0.00134753408482143	0.0183474006666667	0.0136594720617405	0.989146148863086	0.998617174103393	-5.8697502072236
"ARHGAP19"	-0.00164439116071445	-5.02699234108333	-0.0122135430933591	0.990295026188066	0.998617174103393	-5.86976773322204
"HBD"	-0.000963091410714398	-3.01767026196667	-0.00676564436707908	0.994623873603241	0.998617174103393	-5.86981617230893
"CLEC3B"	-0.000447970191964381	-0.9881693149	-0.00393421324639289	0.996873773571104	0.998617174103393	-5.86983036529637
"RBP4"	0.000177182580357085	1.72348992373333	0.00174021959399397	0.998617174103393	0.998617174103393	-5.86983619770319
