HMDB	fold_change	pval	adj_pval
HMDB04666	-0.757601656	2.00E-05	0.005300147
HMDB11496	-1.33607843	3.28E-05	0.005300147
HMDB00705	0.212409034	0.000210067	0.022617214
HMDB11531	-0.683113832	0.000407027	0.02648354
HMDB02759	-0.327352756	0.000409962	0.02648354
HMDB00622	-0.795001386	0.000734361	0.03953308
HMDB11152	-1.089328627	0.000919217	0.042415293
HMDB12088	-0.331712063	0.001338078	0.054024879
HMDB00387	0.198056699	0.002875887	0.103212394
HMDB13325	0.603681959	0.003288098	0.106205551
HMDB11474	-0.484527565	0.006187459	0.157671564
HMDB10395	-0.395466904	0.006645599	0.157671564
HMDB11484	-0.590760567	0.007238977	0.157671564
HMDB00152	0.408762334	0.007245323	0.157671564
HMDB12881	0.12892416	0.007322209	0.157671564
HMDB61112	-0.312582824	0.00842313	0.161902756
HMDB00529	-0.720136208	0.008521198	0.161902756
HMDB02183	-0.115109238	0.016538729	0.280691028
HMDB11473	-1.099773307	0.017263479	0.280691028
HMDB01008	0.165129441	0.017380249	0.280691028
HMDB01008	-0.161461667	0.020757649	0.319272412
HMDB11490	-0.552672333	0.022268253	0.326230709
HMDB01015	0.289958576	0.024661732	0.326230709
HMDB0000895	0.14593479	0.026384324	0.326230709
HMDB00269	-0.15467735	0.027232243	0.326230709
HMDB13124	-0.35997499	0.027271199	0.326230709
HMDB13034	-0.198984871	0.027392106	0.326230709
HMDB13302	0.261871401	0.029587085	0.326230709
HMDB00421	0.144981571	0.030241915	0.326230709
HMDB11487	-0.269362009	0.033973193	0.326230709
HMDB12342	0.10382285	0.034321705	0.326230709
HMDB00267	0.157217869	0.034688982	0.326230709
HMDB00148	0.288148012	0.034957843	0.326230709
HMDB06695	0.172018465	0.035586676	0.326230709
HMDB10390	0.866763589	0.036123796	0.326230709
HMDB37844	0.162740065	0.036876426	0.326230709
HMDB00663	0.556265464	0.037370081	0.326230709
HMDB00651	0.261987351	0.044194735	0.375655246
HMDB01931	-0.424775781	0.048658691	0.397437714
HMDB29377	0.18582779	0.049218293	0.397437714
HMDB04193	0.245563002	0.052871425	0.416523663
HMDB02250	0.235499759	0.05602598	0.421164922
HMDB00782	-0.422082568	0.056068395	0.421164922
HMDB13164	0.091959088	0.057825195	0.424489502
HMDB31057	0.335745975	0.064678191	0.432608576
HMDB00097	-0.770575378	0.065385513	0.432608576
HMDB02013	0.242825392	0.065995881	0.432608576
HMDB02931	-0.288871687	0.066614044	0.432608576
HMDB06344	0.230379171	0.069385617	0.432608576
HMDB13240	0.200100787	0.070651259	0.432608576
HMDB00222	-0.448423574	0.070665965	0.432608576
HMDB00897	0.24344596	0.070676445	0.432608576
HMDB60061	0.159465204	0.070985308	0.432608576
HMDB00407	-0.213738458	0.072615656	0.433047174
HMDB00094	-0.101325008	0.074683723	0.433047174
HMDB11149	0.407578154	0.076203926	0.433047174
HMDB10393	0.849557486	0.07642009	0.433047174
HMDB00421	-0.115353469	0.079973554	0.445369966
HMDB00623	0.170974825	0.083978109	0.45974456
HMDB13464	0.381781031	0.086004597	0.462991414
HMDB00210	0.218944545	0.087595193	0.463823728
HMDB00462	0.441128696	0.089619927	0.466890912
HMDB00206	0.210636718	0.092467588	0.474079857
HMDB00161	0.203214262	0.094175026	0.475289585
HMDB00086	0.263349715	0.098673296	0.490330379
HMDB10351	-0.586095203	0.101278416	0.49565043
HMDB02212	-0.117940905	0.103877868	0.500784349
HMDB11756	0.193032604	0.105473671	0.500999938
HMDB13205	-0.098427896	0.107210904	0.501871335
HMDB11532	0.464125053	0.110449534	0.509645708
HMDB12096	-0.32400209	0.116251143	0.521295002
HMDB04827	0.623674184	0.117136118	0.521295002
HMDB06528	-0.233655224	0.119428115	0.521295002
HMDB00792	0.610057391	0.119429815	0.521295002
HMDB11475	0.392517849	0.121605784	0.523715577
HMDB11171	0.271939177	0.124825847	0.525126675
HMDB06322	0.095707298	0.126546804	0.525126675
HMDB41623	0.201493351	0.128328136	0.525126675
HMDB00123	0.256191118	0.129123534	0.525126675
HMDB10379	-0.139931904	0.130205378	0.525126675
HMDB0000491	0.256091471	0.132757253	0.525126675
HMDB00782	0.694394774	0.133313893	0.525126675
HMDB28783	0.13974171	0.136049405	0.529445276
HMDB00672	0.152717678	0.138838614	0.533867529
HMDB10383	-0.19771219	0.141673571	0.53835957
HMDB13122	0.202585618	0.146310119	0.549513585
HMDB00158	-0.166674099	0.149987824	0.556851348
HMDB00197	-0.142030374	0.153519604	0.561486453
HMDB02038	0.162687521	0.155071971	0.561486453
HMDB00277	-0.117455109	0.157033649	0.561486453
HMDB10397	0.581067953	0.158189682	0.561486453
HMDB06461	-0.375299731	0.161684547	0.567653357
HMDB00824	0.082687423	0.167868196	0.572047007
HMDB04702	0.081965856	0.170383397	0.572047007
HMDB02829	-0.43847958	0.171764182	0.572047007
HMDB00168	0.171676087	0.172623976	0.572047007
HMDB02000	-0.313713147	0.175370264	0.572047007
HMDB61693	-0.239786724	0.176609034	0.572047007
HMDB61690	-0.234056927	0.177315301	0.572047007
HMDB04400	-0.11891686	0.178517137	0.572047007
HMDB00772	0.06215876	0.179037426	0.572047007
HMDB61677	0.078553521	0.182319585	0.572047007
HMDB00190	-0.11136327	0.182417467	0.572047007
HMDB00043	-0.328172949	0.184878211	0.57418906
HMDB00594	0.285079481	0.191134051	0.587964747
HMDB11558	0.227899098	0.195716395	0.588250163
HMDB00791	0.081236401	0.195742848	0.588250163
HMDB00774	0.254037183	0.198042948	0.588250163
HMDB00779	0.160095135	0.198511665	0.588250163
HMDB04400	-0.13800085	0.200682131	0.589275711
HMDB11536	0.108715227	0.203276086	0.591515098
HMDB02925	0.143121705	0.205726803	0.593301406
HMDB00725	-0.379574663	0.207691872	0.593667917
HMDB03229	0.211909269	0.214926389	0.598882525
HMDB00784	0.09164182	0.219391548	0.598882525
HMDB11534	-0.274029382	0.220953459	0.598882525
HMDB02829	-0.079274248	0.220964178	0.598882525
HMDB01563	-0.348309864	0.221464907	0.598882525
HMDB13622	0.133466693	0.222486894	0.598882525
HMDB12458	0.058589056	0.224972207	0.598882525
HMDB00788	0.126318221	0.22698633	0.598882525
HMDB00872	0.147620323	0.227026668	0.598882525
HMDB00874	-0.248979818	0.228057432	0.598882525
HMDB00162	0.108255024	0.231762648	0.603704318
HMDB02007	-0.197758594	0.235217316	0.607801544
HMDB02994	-0.208662518	0.25117164	0.642179886
HMDB33433	0.211105052	0.252497974	0.642179886
HMDB00207	0.076536453	0.255315159	0.644271848
HMDB00036	-0.141009745	0.273695444	0.675210025
HMDB00730	0.082443462	0.273786699	0.675210025
HMDB00296	-0.103167757	0.27384679	0.675210025
HMDB00715	0.151293663	0.278204246	0.680757358
HMDB01032	0.292172774	0.284795471	0.691646144
HMDB12104	0.327835389	0.288578294	0.695602902
HMDB10738	0.118553731	0.290771218	0.695697063
HMDB00292	-0.149940158	0.302545374	0.717386181
HMDB0000746	0.240476259	0.308728748	0.717386181
HMDB00772	0.127441989	0.311072741	0.717386181
HMDB11553	0.293918448	0.312425531	0.717386181
HMDB00114	0.171537084	0.312770408	0.717386181
HMDB0000518	0.248384887	0.313162388	0.717386181
HMDB00157	0.158035552	0.319987178	0.72176914
HMDB11482	-0.104054936	0.32019153	0.72176914
HMDB00656	-0.137720254	0.321779431	0.72176914
HMDB00172	-0.108322152	0.324392014	0.722611175
HMDB04824	0.406776186	0.330182447	0.724662238
HMDB02759	0.244778253	0.332222511	0.724662238
HMDB04666	0.194710233	0.332457327	0.724662238
HMDB11686	0.218448992	0.334286915	0.724662238
HMDB00671	0.134611015	0.338308907	0.724923794
HMDB03072	0.115511933	0.338896263	0.724923794
HMDB10407	-0.18183584	0.349927132	0.739426948
HMDB01383	0.219762608	0.35025487	0.739426948
HMDB12107	-0.070035975	0.354103992	0.740644114
HMDB61677	0.053647795	0.355417454	0.740644114
HMDB00054	0.212149514	0.360879813	0.74720628
HMDB06547	0.063019167	0.364330668	0.748808037
HMDB33724	-0.396462313	0.366289999	0.748808037
HMDB00177	0.089866544	0.371587299	0.754859733
HMDB04193	0.216870398	0.375625083	0.757670027
HMDB03073	0.044447336	0.37960411	0.757670027
HMDB00182	-0.127513414	0.382297748	0.757670027
HMDB00714	0.130395538	0.387160656	0.757670027
HMDB13326	0.170898101	0.387590191	0.757670027
HMDB12108	-0.160176254	0.397972752	0.757670027
HMDB00187	-0.079006724	0.399117479	0.757670027
HMDB00792	0.068115605	0.399813079	0.757670027
HMDB0000619	-0.115731173	0.404379911	0.757670027
HMDB00301	-0.417828132	0.404992718	0.757670027
HMDB00682	-0.069657496	0.404993265	0.757670027
HMDB00329	0.188496811	0.408774376	0.757670027
HMDB10357	-0.15561885	0.418709545	0.757670027
HMDB00943	0.079999165	0.419035552	0.757670027
HMDB13331	-0.062480828	0.421185594	0.757670027
HMDB11559	0.150967645	0.421661468	0.757670027
HMDB02329	0.094834313	0.42166513	0.757670027
HMDB01847	0.055695556	0.422168249	0.757670027
HMDB00603	-0.288758386	0.422364236	0.757670027
HMDB01868	0.215890493	0.425033357	0.757670027
HMDB03099	-0.117178877	0.427492701	0.757670027
HMDB00641	0.045524558	0.428020746	0.757670027
HMDB03869	0.070014073	0.428066775	0.757670027
HMDB00517	0.069643874	0.429268158	0.757670027
HMDB11131	0.211277531	0.434975959	0.762126309
HMDB00139	0.162289036	0.437427194	0.762126309
HMDB03331	-0.20914633	0.43953082	0.762126309
HMDB00625	-0.243646641	0.441231021	0.762126309
HMDB00650	0.053331732	0.45015818	0.770406456
HMDB0000518	0.054654979	0.450795109	0.770406456
HMDB61115	0.048485827	0.454268898	0.772257126
HMDB03374	-0.153476696	0.465329895	0.785691935
HMDB10381	-0.084913535	0.473602784	0.785691935
HMDB00637	-0.067265256	0.474086897	0.785691935
HMDB02639	-0.167044426	0.478728706	0.785691935
HMDB00782	-0.06599257	0.480598774	0.785691935
HMDB00764	-0.083668748	0.482831937	0.785691935
HMDB00883	-0.149835744	0.486389297	0.785691935
HMDB00430	0.092666716	0.487386832	0.785691935
HMDB10408	0.080222104	0.48906527	0.785691935
HMDB00036	0.167447115	0.492742816	0.785691935
HMDB11481	-0.180687056	0.501059692	0.785691935
HMDB11621	-0.139252105	0.501646975	0.785691935
HMDB10357	0.071772432	0.501889515	0.785691935
HMDB00574	-0.072576936	0.502280959	0.785691935
HMDB00755	0.09971798	0.508708658	0.785691935
HMDB00806	0.111553432	0.511358564	0.785691935
HMDB01999	-0.039880986	0.511835307	0.785691935
HMDB02014	-0.039030481	0.512886869	0.785691935
HMDB00156	-0.063736646	0.513450843	0.785691935
HMDB00289	0.083442314	0.515565972	0.785691935
HMDB59724	0.033531336	0.516937948	0.785691935
HMDB10404	0.292236294	0.516987435	0.785691935
HMDB00929	0.04848463	0.523336144	0.785691935
HMDB02231	0.050986943	0.524203025	0.785691935
HMDB01325	-0.043209046	0.527149266	0.785691935
HMDB00017	0.067000626	0.527514492	0.785691935
HMDB10391	0.017777898	0.527848762	0.785691935
HMDB11493	-0.2354531	0.53294551	0.787688192
HMDB00251	-0.299797928	0.534067226	0.787688192
HMDB00019	-0.050538748	0.543288331	0.793349041
HMDB00884	0.081381904	0.546979004	0.793349041
HMDB31057	-0.155997032	0.549930239	0.793349041
HMDB11171	0.140207777	0.550966399	0.793349041
HMDB00767	0.11148741	0.55192894	0.793349041
HMDB00305	0.05890278	0.555848626	0.793349041
HMDB29377	-0.146799396	0.555878136	0.793349041
HMDB11531	0.077829317	0.557554899	0.793349041
HMDB00529	-0.1470459	0.573127446	0.808627771
HMDB11749	0.089311719	0.57556697	0.808627771
HMDB10401	0.188480272	0.576499796	0.808627771
HMDB00430	0.025682963	0.578306548	0.808627771
HMDB01860	-0.13004643	0.584081808	0.812296591
HMDB00167	0.059475741	0.58596008	0.812296591
HMDB11532	0.123199627	0.588711592	0.812623266
HMDB61714	-0.030801289	0.609751063	0.833602292
HMDB33592	-0.062921913	0.610298703	0.833602292
HMDB02000	0.161099371	0.613518633	0.833602292
HMDB00848	0.094894552	0.614233268	0.833602292
HMDB11483	0.11898191	0.618491175	0.835868826
HMDB29159	-0.048052529	0.623239594	0.838776621
HMDB11532	-0.047483809	0.637372568	0.854237924
HMDB0011635	-0.053667525	0.645185928	0.859929065
HMDB06695	0.088915884	0.646943538	0.859929065
HMDB0001889	0.055351764	0.649665701	0.860008284
HMDB02823	-0.031225355	0.653193446	0.861148911
HMDB02203	-0.106724964	0.66555501	0.871883957
HMDB10325	0.062562761	0.666734791	0.871883957
HMDB60484	-0.029698603	0.672286644	0.874324908
HMDB02366	-0.122795762	0.675286044	0.874324908
HMDB00205	0.082828416	0.67731271	0.874324908
HMDB11477	0.032275848	0.679428954	0.874324908
HMDB10318	0.031334434	0.689616968	0.879811611
HMDB60015	0.076826439	0.69257624	0.879811611
HMDB00001	0.108379457	0.694268143	0.879811611
HMDB11753	-0.111120712	0.698851798	0.879811611
HMDB02302	-0.018914675	0.699667166	0.879811611
HMDB01043	-0.017731848	0.700035864	0.879811611
HMDB00888	0.066023554	0.706736949	0.882681881
HMDB00949	-0.160737338	0.707785161	0.882681881
HMDB00192	0.042040781	0.713292382	0.882876438
HMDB06246	0.0396412	0.717778215	0.882876438
HMDB10382	-0.03741039	0.718819001	0.882876438
HMDB05065	0.081807317	0.721320166	0.882876438
HMDB10392	0.093046984	0.721607986	0.882876438
HMDB31923	-0.101675931	0.732505798	0.885554322
HMDB11550	0.043987319	0.733774862	0.885554322
HMDB02203	-0.038957883	0.733850225	0.885554322
HMDB11558	-0.034088516	0.738611862	0.885554322
HMDB60038	-0.022683587	0.740215718	0.885554322
HMDB00670	0.027316328	0.741990833	0.885554322
HMDB00669	0.031589268	0.742995112	0.885554322
HMDB00904	0.040320273	0.747165284	0.885554322
HMDB00512	-0.072192412	0.748708282	0.885554322
HMDB00138	0.064979838	0.75134444	0.885554322
HMDB0000243	0.047748518	0.753954918	0.885554322
HMDB00039	-0.01994854	0.758917449	0.888153392
HMDB05060	-0.036419758	0.771488372	0.899605575
HMDB10386	-0.033057752	0.775627952	0.901179239
HMDB00562	0.017868683	0.786297762	0.903590761
HMDB00707	-0.209917378	0.788264151	0.903590761
HMDB0000518	-0.055592453	0.788353967	0.903590761
HMDB11494	-0.024455453	0.790062422	0.903590761
HMDB00907	0.05974998	0.795798902	0.903590761
HMDB03869	0.019320908	0.797165809	0.903590761
HMDB00709	-0.034768723	0.798947701	0.903590761
HMDB11539	-0.033367476	0.80008346	0.903590761
HMDB00673	-0.02266013	0.810870965	0.912583003
HMDB01539	0.07734661	0.817518615	0.916869836
HMDB00637	-0.038505107	0.822213279	0.918240771
HMDB10398	0.024931055	0.827944061	0.918240771
HMDB00070	0.029706042	0.829341354	0.918240771
HMDB00387	0.019460395	0.83453991	0.918240771
HMDB11129	0.026867896	0.835781942	0.918240771
HMDB00300	-0.01879187	0.835798101	0.918240771
HMDB00672	-0.025313787	0.842904584	0.922295979
HMDB61116	0.029747716	0.845200031	0.922295979
HMDB00159	-0.02018641	0.852455125	0.927080827
HMDB03818	-0.02114273	0.85559455	0.927372616
HMDB0000248	0.020664106	0.858960449	0.927907107
HMDB29159	0.022695857	0.869992978	0.936692439
HMDB11531	0.031148281	0.880632216	0.944997361
HMDB00479	-0.007855901	0.884390264	0.945887601
HMDB04207	0.013911323	0.890294227	0.949059523
HMDB02639	-0.039512587	0.897917539	0.953521883
HMDB02226	-0.010103025	0.90038444	0.953521883
HMDB00872	-0.009959227	0.912832924	0.959659716
HMDB00696	-0.010943568	0.915831013	0.959659716
HMDB60485	-0.011638301	0.915985118	0.959659716
HMDB02320	-0.031391091	0.918064558	0.959659716
HMDB00024	-0.005785389	0.924754099	0.960869079
HMDB00078	-0.008393842	0.930975177	0.960869079
HMDB00064	0.020808803	0.930979051	0.960869079
HMDB00510	0.017293744	0.93112081	0.960869079
HMDB29412	0.004625286	0.938561861	0.965463315
HMDB00062	-0.006442809	0.946507302	0.970545582
HMDB11542	0.006297644	0.951715183	0.972797481
HMDB10384	-0.015330413	0.957406667	0.975487133
HMDB12097	-0.005737361	0.960386713	0.975487133
HMDB01032	-0.003584548	0.968682749	0.978569151
HMDB29006	-0.008673156	0.971610395	0.978569151
HMDB13324	0.003148219	0.9725099	0.978569151
HMDB05066	0.000982185	0.986605745	0.989669738
HMDB00791	0.000226779	0.999617626	0.999617626
