""	"logFC"	"AveExpr"	"t"	"P.Value"	"adj.P.Val"	"B"
"nRPLC_343.2853_9.8"	-0.263589870524914	4.25032119104894	-4.47512078983978	3.45450252412085e-05	0.00589122263697943	2.18562065823556
"nRPLC_204.0666_4.3"	-0.514663468702984	4.28245222035974	-4.4595887153768	3.64781587429067e-05	0.00589122263697943	2.13564953418898
"nRPLC_257.176_8.5"	-0.210772081042015	5.26722327368079	-3.70324286822007	0.00046404534297766	0.0388745697212012	-0.185115665423903
"nHILIC_204.0665_5.1"	-0.100618311343762	5.58709150119966	-3.56621204827769	0.000717053232897221	0.0388745697212012	-0.578627776401844
"pRPLC_180.0654_2"	-0.243596277555814	5.75434248683948	-3.55483679098863	0.000743137237254312	0.0388745697212012	-0.610875535196208
"nRPLC_149.0607_4.6"	-0.382624399233195	4.72559496521857	-3.54059222831033	0.000777075437126764	0.0388745697212012	-0.651165140182011
"nRPLC_315.2541_9.4"	-0.106632546385152	4.73223104393403	-3.5147345829158	0.000842482935134391	0.0388745697212012	-0.724037315800736
"nHILIC_88.0403_8.9"	0.0630138812014287	6.00023111875717	3.3731281046295	0.00130394921046649	0.0526469493725846	-1.11693803425314
"nHILIC_277.2171_1"	0.181113266520636	5.56472127350478	3.06914663507216	0.00321669429335337	0.115443584083682	-1.92307060487792
"pHILIC_157.0607_8.3"	-0.100238616033452	5.00617569223409	-2.94750640448398	0.0045523618047642	0.130010993911721	-2.23046505652899
"nRPLC_229.1445_7.4"	-0.14989700437762	5.02858897148272	-2.93227783979759	0.00475186108942219	0.130010993911721	-2.26830842755492
"nRPLC_187.134_7.5"	-0.121745162760889	5.19820473842633	-2.92646481612714	0.00483012980476981	0.130010993911721	-2.28271580702428
"nRPLC_153.0193_2.1"	-0.188204355735362	4.70280555301153	-2.84052144165849	0.00613575767732391	0.152449979213509	-2.49323850984745
"nHILIC_188.0023_1.6"	-0.221168249386218	5.91715173273955	-2.79920610539134	0.00687311665143314	0.158572619886636	-2.59276375586805
"pRPLC_286.2015_4.3"	0.122054344637796	5.79076417674458	2.73983840952419	0.00807615055877479	0.163089354349127	-2.7338321917516
"pHILIC_400.3413_5.6"	0.0585788336260045	5.80006968152253	2.7397201154311	0.00807872962720136	0.163089354349127	-2.73411096994754
"pHILIC_147.1126_15.9"	0.0379459101416023	6.7121202523138	2.66307763634597	0.00991774777091203	0.188437207647329	-2.91277453414369
"nHILIC_335.0495_8.3"	0.0488634664201267	7.56168880818078	2.50450282175104	0.0149870451939881	0.26571000812645	-3.26975984001625
"nRPLC_407.2804_9.2"	-0.341173967463508	5.18568405580261	-2.48802141236812	0.0156300004780265	0.26571000812645	-3.30586044611784
"nRPLC_187.007_2.3"	-0.167500895831536	7.11391478593279	-2.39658158805032	0.019669944520943	0.31766960401323	-3.50264015834123
"nHILIC_132.0302_8.3"	-0.0527568965750554	4.95696356395752	-2.34185702292355	0.0225131216504676	0.344351675667948	-3.61752536184521
"nHILIC_88.988_11"	-0.113749488998251	5.19286944324291	-2.32509742179212	0.0234542936987457	0.344351675667948	-3.65227180872829
"nHILIC_191.0197_11.2"	-0.0355062444105616	7.47344590476947	-2.29063006952835	0.0255005745547054	0.355344966689925	-3.72308004148396
"nRPLC_415.3217_11.4"	-0.0615180810631236	5.52836005441972	-2.2761989241029	0.0264033411781988	0.355344966689925	-3.75246547042343
"pHILIC_133.097_16.1"	0.0430172714814803	6.29934828551816	2.20554617433886	0.0312437040345795	0.390268143336066	-3.89408541080414
"nRPLC_313.2386_9.1"	-0.0507785079157731	4.9531555478942	-2.188722703954	0.0325054327451691	0.390268143336066	-3.92725286764808
"nRPLC_165.0556_2.3"	-0.0868953825648971	4.76617519255441	-2.18718402696905	0.0326230336534792	0.390268143336066	-3.93027565303382
"nRPLC_391.2856_9.2"	0.261550661532231	5.33799558932085	2.16624987727811	0.0342605225823599	0.393890548166393	-3.97122258905866
"pRPLC_195.0875_4.6"	0.166567899100893	6.491105679085	2.1526222113163	0.035364786058283	0.393890548166393	-3.99769850064566
"nRPLC_429.3008_10.3"	0.0507415043363263	5.59759490980781	2.10270162395836	0.0396800205365614	0.415518408552865	-4.09346703333244
"pRPLC_265.1184_2.6"	-0.131617906503969	5.86745236626487	-2.10051072951776	0.0398794757434638	0.415518408552865	-4.09762605638873
"nRPLC_307.2644_11"	0.0777642222445843	6.061341965171	2.08379823875201	0.0414298458843032	0.418182506894686	-4.12922930799355
"pHILIC_276.1548_13.2"	0.0458274847662699	4.79245047945797	2.04313002728695	0.0454226922368745	0.444591805833651	-4.20522448410003
"pRPLC_504.3082_10"	0.0853728299900675	5.26192925316735	2.02100551985686	0.0477314279173839	0.453448565215147	-4.24602396612893
"nRPLC_263.1289_6.8"	0.30635746299945	4.40239330532341	1.9918029078953	0.0509330378278059	0.470039177668037	-4.29928562325024
"nRPLC_335.2957_11.7"	0.0796455627992862	4.35255059229664	1.97055951585515	0.053376342202386	0.47552588462978	-4.337606460355
"pHILIC_158.1174_6.2"	-0.128382082362223	5.71129710906371	-1.93423877904096	0.0577862895759056	0.47552588462978	-4.40229259506204
"nHILIC_133.0506_2.3"	-0.24042274789515	5.07404689480371	-1.93054749639572	0.0582513815502814	0.47552588462978	-4.40880759615273
"pHILIC_114.0661_2.5"	-0.0355727819452909	7.90118063008659	-1.9230042449109	0.0592117302826139	0.47552588462978	-4.42208720858314
"nHILIC_281.2484_1"	0.0700177092553514	6.64594617116321	1.89765905928732	0.0625377062691515	0.47552588462978	-4.46637126298935
"pHILIC_302.3046_1.8"	0.0420502667803726	5.41391629393611	1.89179286627389	0.0633296924763605	0.47552588462978	-4.47654708073253
"nHILIC_133.0506_4.4"	-0.141393398959895	5.04051890765464	-1.88887244607082	0.0637271312908365	0.47552588462978	-4.48160263243793
"pHILIC_288.2161_5.8"	0.100193905172267	6.60543537316504	1.8742271977525	0.0657521819118588	0.47552588462978	-4.50685098206506
"nHILIC_160.0615_10.7"	0.0769454107149875	5.05010513024655	1.8737037933741	0.0658255499808638	0.47552588462978	-4.50775011259516
"nRPLC_267.233_10.6"	0.0728990288257516	5.91220583646693	1.86475595918384	0.067090545917284	0.47552588462978	-4.52308676735158
"pHILIC_189.1345_14.4"	0.072287186353274	6.13409490349834	1.859556701895	0.067834966607002	0.47552588462978	-4.5319684591168
"nHILIC_279.2328_1"	0.06848001244069	6.56550777848501	1.83602521693778	0.0712917920737218	0.47552588462978	-4.57189114154141
"nRPLC_311.2957_11.4"	-0.0895888309808954	5.23527934619075	-1.82964502503472	0.0722541690064414	0.47552588462978	-4.58263767793933
"nHILIC_151.0261_4.3"	0.0471306330218811	6.00727211831376	1.82539538158301	0.0729012093814729	0.47552588462978	-4.58977713288248
"nRPLC_315.2539_9.7"	-0.123742709013918	4.1178819696229	-1.82077102140813	0.0736108180541455	0.47552588462978	-4.59752931996922
"nRPLC_313.2385_10.3"	0.047543410490775	5.43997141873133	1.80594323567868	0.0759252945323953	0.48086019870517	-4.62226809680652
"pRPLC_382.2719_9.6"	-0.0742697218422857	4.60884549156355	-1.77007135894557	0.0817771652351438	0.500902502709106	-4.68136889590223
"pRPLC_424.3421_9.2"	0.0594634175804854	5.6010466731354	1.76106038719345	0.0833047088092335	0.500902502709106	-4.69604797570214
"nRPLC_305.2486_10.7"	0.0549463224565595	6.18391036757993	1.75124817201237	0.0849949478519256	0.500902502709106	-4.71195579433921
"pHILIC_161.1283_16.4"	0.131815085704904	6.23668086579783	1.7392405499776	0.0871019456926874	0.500902502709106	-4.73131413436135
"pHILIC_104.1069_6.6"	0.0268247533233435	7.06218528976347	1.73687155627937	0.0875226998380734	0.500902502709106	-4.73511920295555
"nRPLC_391.2856_9.5"	0.120949060016291	5.60055110873161	1.73066018690083	0.0886338797553992	0.500902502709106	-4.74507370393252
"nHILIC_168.0276_10.3"	0.0714463829382955	4.7688918599906	1.72134693335436	0.090321784592906	0.500902502709106	-4.75993913785712
"nHILIC_257.0777_2.2"	-0.031583157638519	6.11339316755211	-1.7149516927354	0.0914961227858738	0.500902502709106	-4.77010505815752
"pHILIC_160.0967_7.5"	-0.177843837140748	5.69435818070457	-1.67978508508895	0.0981803479788222	0.524020919563135	-4.82539470360323
"pRPLC_478.2927_9.7"	0.0603093892450158	6.63851764768452	1.67579346381478	0.0989637030753909	0.524020919563135	-4.83160484735054
"nHILIC_135.0299_7.9"	-0.0364581188379683	6.3733551839832	-1.66356595560612	0.101395222930437	0.52685284111626	-4.85054490700682
"nRPLC_450.2624_9.5"	0.111010380835696	4.81464427805496	1.65472302301613	0.103183913374085	0.52685284111626	-4.86416385521603
"nRPLC_172.9914_0.9"	0.116985125403762	6.23691550878742	1.637147040267	0.106815404936291	0.52685284111626	-4.89103645909341
"pHILIC_585.2694_4.9"	0.182925235369351	6.18650858580338	1.62307832894329	0.109796465543514	0.52685284111626	-4.91235824584559
"nHILIC_209.0302_11"	-0.0751414671043121	5.32415376311704	-1.61966444107025	0.110529915928659	0.52685284111626	-4.91750684324053
"nRPLC_215.1288_6.8"	-0.0861958578674464	4.00634201194331	-1.61458052751149	0.11162950619765	0.52685284111626	-4.92515571895482
"pRPLC_312.2171_5.4"	0.077752247508132	4.76545357016063	1.6072962033691	0.11322042076626	0.52685284111626	-4.93607688188953
"nRPLC_498.2892_10.3"	0.189852998725177	5.610924047763	1.60459038648548	0.113816022247379	0.52685284111626	-4.94012213313042
"nRPLC_201.1133_5.9"	-0.0892487895779121	4.03128292156258	-1.60294863308673	0.114178634297642	0.52685284111626	-4.94257355018386
"nRPLC_377.2698_9.2"	0.170429352774396	4.03990190870759	1.56315217138598	0.123256997976772	0.553879923735515	-5.00129290871419
"pHILIC_360.2736_6.1"	0.21370128233272	5.15983254812257	1.55401896478503	0.125419940564981	0.553879923735515	-5.01457770857143
"nRPLC_271.228_10.3"	0.0300458834783006	5.80271279818293	1.55072869043989	0.126206539072879	0.553879923735515	-5.01934607510841
"nRPLC_295.2642_11.1"	0.0620879750518278	5.54787239928796	1.5478619473602	0.126895090886774	0.553879923735515	-5.02349306890468
"nHILIC_131.0349_5.1"	-0.0379769295673086	5.29515825020844	-1.51979759318477	0.133795078095547	0.56816772720513	-5.06371722569872
"pRPLC_538.3863_10.8"	-0.0456049025919168	5.11580274290397	-1.51878619106926	0.134049193617635	0.56816772720513	-5.06515418069867
"pRPLC_552.402_11.1"	-0.0650048892125597	4.8511838441295	-1.51325549920058	0.135445557259427	0.56816772720513	-5.07299632326878
"pHILIC_132.0766_9"	0.0756079089905127	5.76973649020973	1.50292624637042	0.13808425710519	0.571159540207394	-5.08757172307561
"pRPLC_314.2328_6.1"	0.0761047488053172	5.70697573018313	1.49669597443696	0.139695367419146	0.571159540207394	-5.0963185112126
"nRPLC_619.2888_11.3"	0.0570958376082688	5.7870620040543	1.47830551260429	0.144537599906287	0.574711985339982	-5.12194101353588
"nRPLC_333.2799_11.2"	0.0610403023060117	4.68904769840641	1.46796858478051	0.147316656431001	0.574711985339982	-5.13621403490592
"nHILIC_121.0505_3.5"	-0.0974294576050987	5.07142094236168	-1.46610279614224	0.1478227013234	0.574711985339982	-5.13878038004265
"pHILIC_428.3736_5.5"	0.0498820085983569	5.08374828344845	1.46190027287903	0.148967509240344	0.574711985339982	-5.14454974842472
"pRPLC_352.2248_8.5"	-0.045063170016733	5.16258421747682	-1.45332005008991	0.151326375294374	0.574711985339982	-5.1562812159292
"pRPLC_260.1858_3.3"	0.0793273033998723	4.92825402701202	1.45286338585224	0.151452733915686	0.574711985339982	-5.15690380038096
"pHILIC_205.0969_6.7"	0.0227891820272248	7.07345998470274	1.44721517352513	0.15302240850943	0.574711985339982	-5.16458914727838
"nRPLC_448.3067_8.6"	0.175514010850665	5.2726159689622	1.43408338214698	0.156720830604498	0.574711985339982	-5.18234953069523
"pHILIC_229.1181_10.9"	-0.0434439227631098	5.4678098595855	-1.43141996383375	0.157479359548966	0.574711985339982	-5.18593334908606
"nHILIC_235.0723_6.5"	-0.118756264569612	4.94465367756345	-1.42835011351528	0.158357172431141	0.574711985339982	-5.19005635347277
"pHILIC_150.0581_7"	0.0266641084499043	6.31104382396733	1.42072279489957	0.160554615093175	0.576212674167728	-5.20026462240705
"nRPLC_253.2172_10.3"	0.060124321246083	6.99868746298074	1.40829962291157	0.164184221854755	0.577998061921351	-5.21678244718846
"pHILIC_731.6033_5.7"	0.0450864411425814	6.49046986416012	1.40278770816969	0.165814761917296	0.577998061921351	-5.22406771368233
"pHILIC_175.1188_15.1"	0.0238222377856372	7.23821204442534	1.39145950578304	0.169205050337339	0.577998061921351	-5.2389567447113
"nHILIC_188.0716_2.1"	-0.133296753077583	6.27794942301078	-1.38700026806456	0.170554131730733	0.577998061921351	-5.24478671119861
"nHILIC_146.0458_7.6"	0.0176107231312162	5.84196637254627	1.37681793231301	0.173665607225606	0.577998061921351	-5.25803336435164
"nHILIC_118.0509_8.9"	0.023516625145079	6.23104766210278	1.37277611752552	0.174912673695149	0.577998061921351	-5.26326620606662
"nHILIC_133.0142_10.4"	-0.0307506799986328	6.1046826847414	-1.36860826533139	0.176205790832899	0.577998061921351	-5.26864713396477
"nHILIC_512.2684_5.7"	-0.104277880873711	5.63332981808284	-1.36555891925989	0.177156499086004	0.577998061921351	-5.27257429674386
"pRPLC_550.3864_10.7"	-0.0522688841445262	5.36002471958174	-1.36555635336445	0.177157300712736	0.577998061921351	-5.27257759782797
"nRPLC_299.2228_9.3"	-0.107603340000038	4.17452247218337	-1.35290782839271	0.181142653059221	0.579105057230346	-5.28877952876184
"pRPLC_526.2924_9.8"	0.0507404514480164	6.36631081003607	1.33699964130025	0.186251480806159	0.579105057230346	-5.30895591716649
"nRPLC_312.2546_10.4"	0.031319972606823	4.05381426469988	1.33225937931416	0.187794707442045	0.579105057230346	-5.31492463742874
"nHILIC_274.1407_13.3"	0.0274122957349335	5.19601202106193	1.32238685135958	0.191039803785256	0.579105057230346	-5.32729166619929
"nRPLC_465.249_8.3"	-0.0800149122963217	4.90618342071434	-1.31975784956592	0.191911047926633	0.579105057230346	-5.33057034712761
"nHILIC_87.0087_4.4"	0.0629309142653772	6.71954357397368	1.31748131484504	0.192667902322396	0.579105057230346	-5.3334044973722
"pRPLC_480.3446_10.3"	-0.0346012481299661	6.07466280094082	-1.31728930695573	0.19273183974931	0.579105057230346	-5.33364332512336
"pRPLC_181.0719_3.4"	0.0849091133561115	6.42659770738923	1.31624283097206	0.193080590673221	0.579105057230346	-5.33494440132341
"pHILIC_249.1077_10.8"	-0.0368081560205286	6.24056409177873	-1.31458920357725	0.19363265071479	0.579105057230346	-5.33699835970628
"nRPLC_357.2801_11.2"	0.0560946250104167	4.78672380230515	1.30712201109718	0.196140359208634	0.581223266278798	-5.3462430138255
"nHILIC_274.1407_12.3"	0.0236772452902473	5.44525130923711	1.30071237678689	0.19831229606144	0.582317014798593	-5.35413878650811
"nRPLC_188.0352_3.1"	-0.0373164418620554	4.248374765224	-1.2898093650014	0.202048174175588	0.587334454520353	-5.3674856680987
"nHILIC_243.0621_3.4"	-0.0247200767729217	7.21573200090637	-1.28509422670904	0.203679992183889	0.587334454520353	-5.37322484327292
"nHILIC_425.0806_12.4"	-0.0619750130769139	5.28101525756847	-1.27993672869006	0.205476140435913	0.587334454520353	-5.3794797198939
"pHILIC_258.1097_10.8"	-0.115796957634582	5.89766218626108	-1.27334660601541	0.207788350730765	0.588733660403835	-5.38743746033861
"pHILIC_146.0811_7.5"	-0.106008777174896	5.86520148556338	-1.24948336565599	0.216322852791238	0.602710394569459	-5.41592777322107
"nRPLC_225.186_10"	0.0672685724620854	5.30689267598467	1.24329706661359	0.218576987346496	0.602710394569459	-5.42323028493013
"pHILIC_203.1501_13.6"	0.0167288307690312	6.41182306276522	1.23969848669124	0.219896153401313	0.602710394569459	-5.42746236464961
"nRPLC_327.2538_10.5"	0.0782771521668235	4.26401886793118	1.23891205456664	0.220185221545499	0.602710394569459	-5.42838569316767
"nHILIC_130.0509_8.8"	0.0414999341319985	5.21204126154643	1.21785738184698	0.228028436288077	0.618934327067638	-5.45289871064911
"nRPLC_271.2279_9.6"	0.0314249288585549	5.63152087358514	1.21140799951771	0.230471287277899	0.620351881589678	-5.46032761182526
"nRPLC_331.2644_10.9"	0.047055306482979	5.987965733468	1.19003924152286	0.238701339318987	0.637194484297793	-5.4846737516667
"nRPLC_359.2957_11.5"	0.0427000201290533	4.54916217332364	1.15837378255495	0.251284702976213	0.665286549682925	-5.51999210777921
"nHILIC_114.0559_7.8"	0.0392752571290237	5.97399049662823	1.13028147619286	0.262839295122905	0.680807951145785	-5.5505637417775
"pRPLC_204.0655_4.8"	-0.115602415036124	4.26720772550257	-1.12704166667555	0.264195663123523	0.680807951145785	-5.55404333111629
"pRPLC_368.2795_7.7"	0.062867528117614	5.46792297621035	1.1239905908238	0.265477533007907	0.680807951145785	-5.55731147970685
"pHILIC_372.31_5.6"	0.043372875947631	5.4691598918135	1.12375110862098	0.265578333883495	0.680807951145785	-5.55756764130778
"nRPLC_183.139_8.5"	-0.045331275256846	5.05870313409472	-1.10378098195104	0.27407920916514	0.697067594963308	-5.57874468088268
"nHILIC_504.3095_5.8"	0.0889192447840102	4.8600065167994	1.09770937588796	0.276701150472565	0.698238059395612	-5.58511108603087
"pRPLC_494.324_9.5"	0.0446710445143239	6.74040080769313	1.07375330011084	0.287216962874428	0.71835777222372	-5.60990147557589
"pRPLC_100.0756_1.2"	0.0856995425900425	5.29844630709694	1.06374452177056	0.291691319557596	0.71835777222372	-5.62010319072031
"pRPLC_269.2264_10.4"	0.0315047948860419	5.86630148474493	1.06265698900159	0.292180370794883	0.71835777222372	-5.62120615552552
"pHILIC_218.1384_7.3"	0.0715877342684511	6.25112547567192	1.0595728148961	0.293570358927341	0.71835777222372	-5.62432819263466
"nRPLC_117.0557_0.6"	-0.0462379261080997	5.82743854903634	-1.04335789329772	0.30095290188747	0.720536111677285	-5.64059853982809
"nHILIC_130.0872_6.3"	0.0221885270287851	6.73900875241577	1.04307730237221	0.301081759383243	0.720536111677285	-5.64087796385783
"nRPLC_448.3069_9.4"	0.0978990919766972	6.26933055719402	1.04137024714246	0.30186651250866	0.720536111677285	-5.64257636039896
"pRPLC_232.1543_0.9"	-0.0440217798311701	5.41053260610612	-1.03807866883996	0.303383625969383	0.720536111677285	-5.64584367888781
"nRPLC_409.3322_11.2"	0.0773469425195609	4.32351252046147	1.02805165502985	0.308037122268237	0.725667399004843	-5.65573536421043
"nHILIC_74.0246_9.6"	-0.0170170635199549	4.78531243722729	-1.02377305378573	0.310037464590304	0.725667399004843	-5.65992804839626
"nRPLC_395.1897_10"	0.0869508163869627	5.18592126161305	1.00837973454242	0.317306778144833	0.737116106693621	-5.67487274028204
"pHILIC_216.1227_7"	0.123243310622328	5.54180791783283	0.998856386291426	0.321860984155539	0.737116106693621	-5.68400909625466
"nRPLC_151.04_2.3"	-0.150193108210228	4.60472320465293	-0.998113199923902	0.322218217748983	0.737116106693621	-5.68471856021735
"nRPLC_131.0714_1.6"	-0.0331401687073353	5.17970070880696	-0.994296010694129	0.324057235760044	0.737116106693621	-5.68835450305119
"pHILIC_139.0501_7.6"	0.0342107319125665	5.20160300956514	0.982525767651496	0.329771855166931	0.73844202893601	-5.69948109382433
"nHILIC_128.0352_7.6"	0.0374986362386934	6.79648666401469	0.979797317280209	0.331106051977436	0.73844202893601	-5.70204204776441
"pRPLC_438.2976_10.2"	-0.0355135339981131	5.10014393636567	-0.977720409704817	0.332124043665969	0.73844202893601	-5.70398683892374
"nRPLC_285.2071_9.2"	-0.0252356183618986	4.79656006215807	-0.970510196699264	0.335674186219089	0.73844202893601	-5.71070740220102
"nHILIC_224.0617_4.8"	0.0726687115976322	6.29490150655553	0.967830101712642	0.337000164946361	0.73844202893601	-5.71319321683978
"nRPLC_283.0822_2.4"	-0.135179863297879	4.43720503832243	-0.965094142886586	0.338357338336005	0.73844202893601	-5.71572398159687
"nRPLC_197.1547_9.1"	0.0500553176289572	5.22588178707943	0.952364276880784	0.34471922743269	0.740959714872124	-5.72740786657763
"pRPLC_370.2952_8.2"	0.0466833031350684	5.73189034681962	0.948485911641875	0.346672931186315	0.740959714872124	-5.73093768139804
"nHILIC_188.9862_0.9"	-0.120885951115548	6.13560433514353	-0.945400117250066	0.348232533923661	0.740959714872124	-5.73373618047042
"pRPLC_468.3085_9.3"	0.0396407550817762	6.60108936041185	0.944502765209185	0.348686924645706	0.740959714872124	-5.73454832748022
"nRPLC_301.2173_10.3"	-0.0558535009073576	6.22264919045145	-0.935983676238396	0.353019943109821	0.742158562495758	-5.74222126011538
"nRPLC_225.186_9.8"	0.0575809263852237	5.93308431489811	0.932063485204079	0.355025528188567	0.742158562495758	-5.74572942254109
"nHILIC_181.0367_6.8"	0.0629876311171876	5.950091057468	0.916698877948578	0.362957017064824	0.742158562495758	-5.7593413545281
"nRPLC_377.2696_10.5"	0.0705351916739607	4.75393793336814	0.915060310737515	0.363809535606474	0.742158562495758	-5.76078004187215
"pHILIC_282.119_6.7"	0.0149496847099615	5.72190008237644	0.903622718078864	0.369796025745442	0.742158562495758	-5.77075276585042
"pRPLC_426.3576_9.5"	0.023808420028895	5.75057602368211	0.903576293764267	0.369820451645535	0.742158562495758	-5.7707929959575
"nHILIC_120.0124_7.6"	0.0178995625140725	5.7678854539269	0.901681959237517	0.370818021898404	0.742158562495758	-5.77243286335989
"nRPLC_163.0765_7.4"	-0.0510599712041139	4.78256651820656	-0.895321624690736	0.374179930539756	0.742158562495758	-5.77791432995496
"nHILIC_87.045_4.2"	-0.0223261809752838	5.01063567809199	-0.892858006715447	0.375487312045347	0.742158562495758	-5.78002738685539
"nRPLC_197.1547_9"	0.0642246478950093	5.08629387914384	0.892132318566783	0.375872967712715	0.742158562495758	-5.78064873321374
"pRPLC_572.3708_10.3"	-0.0412201564044772	5.3010857682113	-0.891684469181761	0.376111095343316	0.742158562495758	-5.78103194412708
"nRPLC_297.2799_11.7"	0.0311055637602581	4.61340132124347	0.883632821458647	0.380408538953026	0.742158562495758	-5.78788954905105
"pRPLC_244.1544_1.7"	-0.0519616069302844	3.98446133874693	-0.879859922847993	0.382432864868631	0.742158562495758	-5.79108210381135
"nHILIC_174.056_3.8"	-0.0365149513931284	5.58951131378909	-0.873677462895073	0.38576462979864	0.742158562495758	-5.79628482913159
"nHILIC_111.0199_3.4"	-0.0143478857332465	4.93490841370088	-0.869723294647967	0.387905054806398	0.742158562495758	-5.79959364686091
"nRPLC_315.2541_9.2"	-0.0255159525750576	4.34483371869457	-0.865333489166448	0.390289965164096	0.742158562495758	-5.80324987574069
"nRPLC_597.3048_11.9"	-0.0587837270509469	4.35355486981989	-0.862975915480733	0.391574559285531	0.742158562495758	-5.80520603691808
"pRPLC_647.5116_11.7"	-0.0503103013512355	5.46396128611718	-0.860523754420289	0.392913479516274	0.742158562495758	-5.8072351624899
"pHILIC_290.1594_11"	0.0677797202443085	4.96107888840338	0.853460611765657	0.396785937964389	0.742158562495758	-5.81304834943057
"pHILIC_229.1181_10.5"	-0.0285859722662665	5.08887676186877	-0.852438221280746	0.397348426325238	0.742158562495758	-5.81388593855145
"nHILIC_327.2328_1"	0.0518601314058265	5.24087510762186	0.850858353646063	0.39821859052192	0.742158562495758	-5.8151783131857
"pRPLC_508.376_10.5"	-0.0248608133254158	5.81434007565525	-0.846600519303025	0.400569586207654	0.742158562495758	-5.81864969480243
"nRPLC_526.2939_9.9"	0.0326159159961558	5.38826745201719	0.840917099121301	0.403721019197284	0.742158562495758	-5.82325687261638
"nRPLC_512.2683_10.8"	-0.0685322555234393	5.20626426494439	-0.829399527005608	0.410153958270062	0.742158562495758	-5.83250053100051
"pHILIC_298.1139_4.7"	0.0182953475200335	4.74179030304624	0.826224008184078	0.411938514142809	0.742158562495758	-5.83502721870387
"pRPLC_342.2639_7.2"	0.0384426414394297	5.65451218549754	0.825865353223612	0.412140364843774	0.742158562495758	-5.83531199735599
"pHILIC_247.1437_5.3"	-0.088230202524019	6.15200667085988	-0.824202214294365	0.413077163511744	0.742158562495758	-5.83663098196887
"pHILIC_130.0862_7.6"	-0.0362944588340716	6.12323114930275	-0.823298370006374	0.413586815013116	0.742158562495758	-5.83734670405902
"nRPLC_355.2852_11"	0.0634388464861873	4.30503995982858	0.81917662445612	0.415915780912091	0.742214349362461	-5.84060084162946
"pHILIC_170.0923_8.5"	-0.0219499008623011	6.2691551585649	-0.80825265156468	0.422126577927692	0.748820261060323	-5.84914816389626
"pRPLC_546.3545_10.1"	0.0261735359050725	6.56956137959942	0.804532698302046	0.424254203634796	0.748820261060323	-5.85203319110723
"nHILIC_131.0461_9.7"	-0.0123674368394529	5.10759957919865	-0.778098191688239	0.439557554942996	0.769423295690518	-5.87215953388516
"nRPLC_369.1741_9.5"	0.0627104219759557	6.79698565149378	0.776161514746494	0.440691361308811	0.769423295690518	-5.87360817844167
"pRPLC_288.2172_5.1"	0.0477225064185791	5.73730736974701	0.75339406330568	0.454148594091977	0.784262093909737	-5.8903731088314
"nHILIC_181.0506_6.2"	-0.0212538335689493	5.92109883136347	-0.749666472309118	0.456374288870144	0.784262093909737	-5.89307132964627
"nHILIC_89.0243_5.8"	0.0155973783556928	7.36949605896944	0.745668066289633	0.458768656751019	0.784262093909737	-5.89595098956662
"nHILIC_116.0716_7.3"	0.0159068312954126	6.56857956230005	0.744206038222162	0.459645962863876	0.784262093909737	-5.89700017352725
"nRPLC_182.0458_1"	-0.0601703483015638	4.52227282376902	-0.737657581123056	0.463587230628855	0.784262093909737	-5.9016747029102
"nHILIC_179.0348_2.2"	-0.0471603943149363	4.72895436607186	-0.737373407984714	0.463758699494612	0.784262093909737	-5.90187663837188
"pRPLC_502.2927_9.7"	0.0200472850671335	6.55621668835891	0.724329610358418	0.471668141944013	0.789845473832749	-5.91106343919113
"pHILIC_182.081_7.7"	0.0151945993096916	6.68297940552059	0.711696165286471	0.479400901138547	0.789845473832749	-5.9198077170152
"pRPLC_313.1548_3.5"	-0.0191618926258374	4.25522749037633	-0.710631214238059	0.480055969151552	0.789845473832749	-5.92053791810611
"pRPLC_510.3913_10.9"	-0.0269058443187509	5.29112068546466	-0.710067910794451	0.480402668089891	0.789845473832749	-5.92092372183436
"nHILIC_302.1148_6.5"	-0.0533978257890345	4.80827428710643	-0.707156192125794	0.482196985173834	0.789845473832749	-5.92291314984638
"nRPLC_309.2801_11.4"	0.0273677838435652	5.98921302633672	0.704179425980115	0.48403524178715	0.789845473832749	-5.92493871579846
"nRPLC_539.2494_7"	0.023096026581165	5.7212152350195	0.702832739996156	0.484868145487161	0.789845473832749	-5.92585232047412
"pHILIC_166.0861_6.2"	-0.0207543853234129	6.80949632027913	-0.696515286406852	0.488785993232387	0.789845473832749	-5.93011518951834
"nRPLC_514.2838_9.6"	0.0944977478371393	4.93047708849854	0.68927221137113	0.493299312499096	0.789845473832749	-5.93495606917544
"nRPLC_367.1582_8.7"	0.0494192445737742	6.52215137524752	0.682763708358694	0.497374342944852	0.789845473832749	-5.93926353728276
"pRPLC_544.3392_9.8"	-0.0227148147448763	7.19093389921256	-0.680172724054016	0.499001680856646	0.789845473832749	-5.94096711673228
"nHILIC_238.0929_7.3"	0.0121052529826387	5.49581115646889	0.680015195253267	0.499100714531363	0.789845473832749	-5.94107048681809
"nRPLC_539.2489_8.8"	-0.0953463190355078	5.04304572520165	-0.66937841669322	0.505812435651133	0.789845473832749	-5.94799579604438
"pRPLC_496.3395_10"	0.0128571358402156	8.00677340009343	0.669007834359027	0.506047144895793	0.789845473832749	-5.94823513425571
"nRPLC_528.309_10.2"	0.0386168074529293	4.63378085557508	0.668823842669043	0.506163698309156	0.789845473832749	-5.94835391562226
"nHILIC_174.0883_10.1"	-0.0164083861321735	6.02789905276834	-0.668788956974855	0.506185799019749	0.789845473832749	-5.94837643350291
"pRPLC_153.0658_1.2"	0.0268868678504741	5.62470661529493	0.660681011916981	0.511336410492513	0.792400040334195	-5.95357854309418
"pHILIC_118.0861_7"	-0.0138564929217916	7.62516687840342	-0.658495680445911	0.512729437863302	0.792400040334195	-5.9549699735196
"nHILIC_212.0022_3"	0.0326608643650041	7.31617237560846	0.65387947368204	0.515678664581524	0.793162898380154	-5.95789424617883
"nHILIC_167.0349_1.3"	-0.0538792028717619	5.36446233560098	-0.634779061138779	0.527976899593042	0.805477693488569	-5.9697784428824
"pRPLC_510.3554_10.3"	-0.0201647584937983	6.37079919205868	-0.633705488064874	0.528672665695284	0.805477693488569	-5.97043610541542
"pRPLC_312.1305_2.8"	0.0149548407481947	4.33120473692801	0.623960134464284	0.535010292091797	0.810775934804355	-5.97635580964697
"pHILIC_542.3221_6"	-0.0485233867600168	6.59403889486049	-0.620652166548201	0.537170433585548	0.810775934804355	-5.97834462199064
"pRPLC_344.2796_7.8"	0.0292305678822638	5.59069844656212	0.609846932255515	0.544257550038935	0.814630174597463	-5.98476822994671
"nRPLC_329.2487_10.7"	0.0231746135041819	6.36213613121981	0.609071217314517	0.544768166294278	0.814630174597463	-5.98522510084324
"pRPLC_676.417_10.7"	-0.0452378260138194	4.32988253201767	-0.599749293832705	0.550923359935764	0.816980613540081	-5.99067050136708
"pHILIC_146.1175_11"	0.0235815565871681	6.24496018740278	0.599031626294473	0.551398680345937	0.816980613540081	-5.99108628842149
"nRPLC_411.127_3.6"	-0.0154073500406584	4.24879770117649	-0.594192027680218	0.554609393655224	0.817985544066837	-5.99387731425157
"nRPLC_297.2797_11.2"	-0.0214473447588059	4.46912710488443	-0.587517679005988	0.559052647846925	0.820790932975259	-5.99768975813051
"pRPLC_181.0718_3.1"	0.0413898130752577	6.13783461415231	0.582510367010511	0.562397713405618	0.821965888823595	-6.00052203768105
"nRPLC_227.2017_10.2"	0.0191775013483187	6.19498854607796	0.573469507335377	0.568462315363981	0.82708706244399	-6.00557511823168
"nRPLC_187.0976_5.4"	0.0128528133017715	5.06649988769111	0.562406672299673	0.575926588065066	0.834189632040431	-6.01165198599218
"nHILIC_104.0352_9.7"	-0.0115004897476726	5.45609418676624	-0.548209921067768	0.585574301228188	0.835616530296765	-6.01927877165174
"nHILIC_287.052_8.1"	0.0136292190219911	4.99974843712833	0.54172404957995	0.59000737491425	0.835616530296765	-6.02269890022127
"nRPLC_367.1585_8.9"	0.0362219768121584	7.15270322658023	0.54033904688409	0.590956069913584	0.835616530296765	-6.02342401906101
"nHILIC_154.0621_9.6"	-0.00643199891030505	6.08676657510602	-0.540042211523585	0.591159488857224	0.835616530296765	-6.02357918824408
"pHILIC_269.1239_8.3"	0.0255526045474962	5.32489774238797	0.533205321932533	0.595853861338059	0.835616530296765	-6.02712977346081
"nRPLC_172.098_2.8"	-0.0150024607612527	4.07919926471901	-0.529248799776561	0.598578438780429	0.835616530296765	-6.02916404293874
"nHILIC_214.0488_7.2"	0.008841477023274	5.64249702700446	0.528125676436945	0.599352908959804	0.835616530296765	-6.02973876935751
"pHILIC_189.1596_18.3"	-0.0199124386016115	5.98416677080739	-0.527529006446629	0.599764542811207	0.835616530296765	-6.03004360641899
"pRPLC_524.3708_10.6"	0.013743547784622	7.45782672697305	0.526843818392437	0.600237405723348	0.835616530296765	-6.03039324612312
"nRPLC_495.2962_9.1"	0.0531314976889575	4.76230441818697	0.521036776195207	0.604251890404329	0.835616530296765	-6.03333840707918
"nRPLC_375.254_10.2"	0.031689078642167	4.42250110612657	0.516994949345467	0.607053331125416	0.835616530296765	-6.03536921614702
"nHILIC_197.0678_4.1"	0.0474599689540945	6.09396089077086	0.515693999441882	0.607956299132322	0.835616530296765	-6.03601954288967
"nHILIC_168.0778_10.2"	-0.0514198729292074	5.53637240681223	-0.506742303779514	0.614186095078038	0.838499138890771	-6.04045034548131
"nRPLC_215.1653_8.4"	0.0217585888046272	5.16371529848384	0.505224130933647	0.615245498195395	0.838499138890771	-6.04119416608256
"pHILIC_189.1233_8.4"	-0.0083190381025383	4.98078303082394	-0.497918012608025	0.620355290794179	0.8419107517921	-6.04474281692088
"nRPLC_385.332_10.8"	-0.0411708512214592	4.17414159439384	-0.482496216626694	0.631202721039364	0.849208176577095	-6.05206503692545
"pHILIC_892.6501_5"	-0.0348597796292064	5.21134717575305	-0.479655726799047	0.633209680062844	0.849208176577095	-6.05338877487739
"nRPLC_165.0418_1.9"	0.0344797668185862	5.12865872531994	0.479075867217374	0.633619723080743	0.849208176577095	-6.05365805067753
"pRPLC_482.3238_10.5"	0.0167680347750746	5.89980932323207	0.467509331273931	0.641822868969137	0.854357794488618	-6.05896180737661
"nRPLC_439.3792_11.1"	0.0286110341698132	4.65784359937383	0.466203050307096	0.642752148794842	0.854357794488618	-6.05955270998017
"nRPLC_441.395_11.2"	-0.0346438113984678	4.69556996036705	-0.461759884846084	0.645917272846459	0.85504622594019	-6.06155031367664
"nRPLC_215.1652_8.1"	0.0148663583127979	4.57974127629211	0.451531482993381	0.653228502835839	0.859403580197685	-6.06607672310101
"nHILIC_176.0387_4.9"	-0.00900416519358251	5.10784531452534	-0.449715336888169	0.654530280893593	0.859403580197685	-6.06686990426374
"nRPLC_206.0821_3.4"	0.0162202830202855	3.96708204036634	0.441850974925181	0.660179695303278	0.862778152256795	-6.07026793605514
"nRPLC_351.254_10.3"	0.0270434113825263	4.74557489763558	0.438708544685877	0.662442667986641	0.862778152256795	-6.0716090674425
"pRPLC_380.2561_9.4"	-0.0101073513131264	5.77094557609606	-0.433886854649171	0.665921078734586	0.863825335065347	-6.07364838721147
"nHILIC_581.2411_5.9"	-0.0283736075285243	4.80950665623065	-0.425188090066917	0.672215075094247	0.868501877021767	-6.07727086358831
"pHILIC_290.1593_10.7"	-0.0990174843364363	5.6058457878989	-0.415839824404706	0.67900535974101	0.873779805563132	-6.08108253900626
"pRPLC_286.1439_8.5"	-0.0345789279344935	6.08191810293635	-0.401668136469147	0.689350192479599	0.883571873694089	-6.08670027061309
"pHILIC_219.0795_5"	-0.0126269510073127	6.10943317091331	-0.388851280162296	0.698757657076621	0.887121318545324	-6.09161413267017
"pRPLC_153.0658_1.7"	0.0173294895407224	5.13855888300504	0.387005345521906	0.700116515400528	0.887121318545324	-6.09230878915273
"nRPLC_239.0924_7.1"	-0.0490398936428407	6.63277066120401	-0.386676171528003	0.700358935693677	0.887121318545324	-6.09243231742557
"nRPLC_187.1339_7.1"	0.0152867264261943	5.30601663275922	0.381437501472487	0.704221152717141	0.888529032529831	-6.094384144017
"nRPLC_129.0558_1"	0.00885763424430467	6.93305987842971	0.377531710529035	0.707105805972297	0.888697180268684	-6.095822128068
"pHILIC_178.0532_7.5"	0.0300615338987516	4.95846191891594	0.364768819784302	0.716561843172036	0.891419252786652	-6.10041830169188
"nHILIC_124.0073_8.7"	-0.00688352680336955	6.38029559145313	-0.364694155771239	0.71661729481101	0.891419252786652	-6.1004447268718
"pHILIC_144.1018_6.7"	-0.0314538714680488	6.88798154739883	-0.359912987522525	0.720171361222856	0.891419252786652	-6.10212567076727
"nHILIC_157.0366_6.1"	0.0236078506018405	6.00561221812955	0.356146662322242	0.722975423126951	0.891419252786652	-6.10343427020402
"pRPLC_359.3154_11"	-0.012221279132454	6.39410094075985	-0.356018746016928	0.723070725170597	0.891419252786652	-6.10347847373478
"pHILIC_583.2539_5.3"	0.018409784175716	6.05823914626289	0.348046693466025	0.729018810875338	0.895334889402031	-6.10620214552423
"nRPLC_478.2939_10.1"	-0.0113571651625964	6.06529789959844	-0.335062311225651	0.738742426706775	0.90008948912444	-6.11050678985176
"pRPLC_508.3397_9.9"	0.0113753793500592	5.74584838469378	0.327123203497358	0.744709074851214	0.90008948912444	-6.1130584944166
"nHILIC_195.051_8.7"	-0.0120044057436822	6.2339028029802	-0.319306235048269	0.750599315044541	0.90008948912444	-6.11551137962546
"nRPLC_365.2333_9.7"	0.00322929244275811	5.20016241645727	0.319192531708127	0.750685103785258	0.90008948912444	-6.1155466224149
"nHILIC_239.0164_12.1"	0.011041692212895	6.68622679512258	0.317114698933951	0.752253376246091	0.90008948912444	-6.11618845192124
"nHILIC_481.244_5.2"	0.0194228620586915	4.76018579226412	0.314177200959645	0.754472281201608	0.90008948912444	-6.11708869947857
"nRPLC_391.2856_9.8"	0.0250616549326872	5.64063639314558	0.313617351817614	0.754895412254146	0.90008948912444	-6.11725932775515
"pRPLC_166.0724_1.2"	0.00490014497808981	4.78529103742134	0.310045888145822	0.757596475679923	0.90008948912444	-6.11834068330615
"pRPLC_316.2484_6.6"	0.0186034216522133	6.10127840106043	0.299851848546419	0.765322730022746	0.90008948912444	-6.12135929457431
"nHILIC_177.0339_6.7"	-0.00773997754083686	6.05883588111501	-0.285040050453356	0.776591458779241	0.90008948912444	-6.12556601006401
"pRPLC_675.5429_12.6"	-0.0108393629543779	6.84714767547548	-0.280670040441735	0.779925487135009	0.90008948912444	-6.12676655368108
"nRPLC_285.2072_9.6"	-0.0119884798750916	5.1198567439491	-0.278276989122747	0.781752991036099	0.90008948912444	-6.12741614253447
"nRPLC_508.3404_10.6"	0.00718864367890615	5.12053643658093	0.277869989091143	0.782063928413112	0.90008948912444	-6.12752606989501
"nRPLC_355.2643_10.9"	0.0172836414467059	4.66480995086685	0.277641609531199	0.782238420064302	0.90008948912444	-6.12758768305247
"nRPLC_441.3947_11.3"	-0.0190286629845895	5.04911801785633	-0.27521412039843	0.784093817131625	0.90008948912444	-6.12823945810188
"nHILIC_163.04_1.4"	0.00994261950495449	5.20573845751127	0.274224426099466	0.784850629709353	0.90008948912444	-6.12850355050023
"pRPLC_777.6945_7.2"	0.00665727990575807	5.27169727738033	0.273786834052868	0.785185319945876	0.90008948912444	-6.12862001606949
"pRPLC_568.339_9.8"	-0.0113773693336154	6.62388199686284	-0.273227998835574	0.785612801648474	0.90008948912444	-6.12876848089471
"nRPLC_313.2385_9.9"	0.0111230656625183	4.59503916150254	0.272935410697548	0.785836643755703	0.90008948912444	-6.12884609162439
"pHILIC_104.0705_8.1"	0.00810300546613532	5.23550703510882	0.264354108131069	0.792409694648055	0.902523090544786	-6.131085441532
"nRPLC_275.2017_10"	0.0126598854762024	5.39081698156275	0.26286780778838	0.793549714287056	0.902523090544786	-6.13146605195569
"pHILIC_147.0763_9.7"	-0.00355424422375307	5.7017732596841	-0.253429930315797	0.800799197000027	0.907572423266698	-6.13383293314515
"nHILIC_218.1032_6.5"	-0.0130652588657377	5.6675308352376	-0.249209995465444	0.804046380601815	0.908066366903448	-6.13486329770515
"pRPLC_580.4347_11.8"	-0.0226197163413369	4.23247577613523	-0.233501707973514	0.816163756769255	0.915606955377755	-6.13854697284224
"nRPLC_369.1729_8.9"	0.0164016160268996	5.81407816584083	0.232799825350653	0.816706266032994	0.915606955377755	-6.13870598331028
"pRPLC_506.3601_10.4"	-0.00773254488196259	5.18415015352999	-0.229539738445766	0.819227275864307	0.915606955377755	-6.13943828749141
"nRPLC_299.2228_9.6"	-0.00856562223557828	4.23464331443498	-0.220216012644371	0.826447761537261	0.919807701480144	-6.14147574670513
"nRPLC_464.3015_8.8"	0.0218837858205551	5.4541646367752	0.215200790722864	0.830337926795914	0.919807701480144	-6.14253681177209
"pHILIC_137.0457_3.1"	-0.00722834128935346	6.62562946215597	-0.211130645690858	0.833498164008101	0.919807701480144	-6.14337998857586
"pHILIC_703.5724_5.7"	-0.00850058906567396	7.15154688852704	-0.209999861985851	0.834376645615115	0.919807701480144	-6.14361138996768
"pRPLC_162.1123_0.6"	0.00413107362987503	5.76097499995402	0.204275373489246	0.838827107606278	0.921568556996012	-6.1447637974959
"nRPLC_514.2853_8.8"	-0.0183851880001737	4.55635462886393	-0.195065692583625	0.845998148321043	0.92629627765321	-6.14655107391316
"nRPLC_299.2227_9.9"	0.00504000678302705	4.16100485103038	0.171591987373827	0.864333607544007	0.939149063383564	-6.15073411170469
"pHILIC_813.6806_5.6"	0.00498441169946292	6.93172584596304	0.168693159339729	0.866603318795212	0.939149063383564	-6.15121357003791
"nRPLC_415.3217_10.9"	0.00663699033814406	4.70043421887865	0.164492315042954	0.869894473759603	0.939149063383564	-6.15189389599674
"nHILIC_296.0378_11"	-0.00392519551272878	6.39561779120896	-0.159391003054694	0.873894203522824	0.939149063383564	-6.1526970084107
"pHILIC_249.1078_10.4"	-0.00267100062795362	6.46435178206156	-0.154920274480444	0.877402240550959	0.939149063383564	-6.15338006335419
"nRPLC_199.0976_5.6"	0.0062979009724147	4.34800790923024	0.154647409546712	0.877616429573425	0.939149063383564	-6.1534211240513
"nRPLC_455.2472_11"	-0.01215278810482	5.2745148469154	-0.153613877293538	0.878427797851316	0.939149063383564	-6.15357599412668
"pHILIC_280.1384_8"	0.00749287413942641	5.01464372659559	0.149443864416566	0.881702762228359	0.939149063383564	-6.15419031209433
"pRPLC_548.3709_10.4"	-0.00489465154830801	5.59852758961426	-0.146641242285885	0.88390500083159	0.939149063383564	-6.15459369679421
"pHILIC_785.6497_5.6"	-0.00388423079144838	6.83298803381133	-0.13253393157721	0.895003832823637	0.944757141570285	-6.15650829333863
"pRPLC_454.2927_9.9"	-0.00463836028017209	6.02482931031079	-0.132496791335821	0.895033081487639	0.944757141570285	-6.1565130786702
"pRPLC_295.1292_1.3"	0.00290745655700103	4.53291319791686	0.127684981506342	0.898823698064657	0.945667929885616	-6.15712171960957
"nRPLC_257.1759_8.8"	0.0045480910229697	4.96112590086196	0.117415526197497	0.906921511379382	0.948708981265603	-6.15834543841126
"pRPLC_286.1439_8.4"	-0.0105551266410574	6.0961566797382	-0.115015987214046	0.908815091856835	0.948708981265603	-6.15861659764435
"nRPLC_465.2489_8.6"	0.00699196522308488	5.21641460710959	0.112848955387896	0.910525647654294	0.948708981265603	-6.15885667341678
"pRPLC_482.324_9.7"	0.00321376535620961	6.22304921953326	0.10325981813144	0.918099867344011	0.953524942611305	-6.15986422459908
"pRPLC_520.3396_9.8"	-0.00278723734180119	7.77628849858951	-0.0987559166710753	0.921660061556717	0.954154486803909	-6.16030660968534
"nHILIC_197.0679_1.4"	0.00542383744419139	6.2231161164902	0.0747697582962158	0.940645724219789	0.967329920563847	-6.16233042052289
"nHILIC_303.2327_1"	0.00435192416211445	5.46257216268848	0.0728760339866086	0.942146275768667	0.967329920563847	-6.16246637703503
"pRPLC_261.1446_0.8"	-0.0022261849441067	4.50678258887927	-0.0690884127691868	0.945148141800883	0.967329920563847	-6.16272784073049
"pRPLC_352.1657_3.7"	0.00280802934495249	4.83023633345458	0.0675519196529154	0.946366114235838	0.967329920563847	-6.1628299294135
"nHILIC_115.0399_2"	-0.000558177386807655	7.11040026090791	-0.032598089479135	0.974102895992137	0.988345302784972	-6.16453219686659
"nHILIC_243.0621_5.8"	0.000493196997443143	6.56336561558423	0.0321162063641221	0.974485586616487	0.988345302784972	-6.16454736168644
"pRPLC_261.1446_1"	-0.000899120773624116	4.72407708645143	-0.0300762052219645	0.976105732471845	0.988345302784972	-6.16460905863982
"nRPLC_295.2279_9.6"	-0.000477688622108751	5.19050320672363	-0.0144928490038721	0.988484692156842	0.997751736145812	-6.16494680713092
"nHILIC_105.0192_7.8"	-0.00028117152667564	5.96096670904726	-0.0102820701778657	0.991830226332852	0.99800985391125	-6.16499753851172
"nRPLC_201.1133_6.3"	0.000188425518502204	4.33643710151571	0.00537038046343436	0.995732827762375	0.998825165736792	-6.16503492511022
"nHILIC_191.0561_8.5"	0.000152207679768728	5.98896039172221	0.00109679574713057	0.999128508992795	0.999128508992795	-6.16504836544519
