System Code	Identifier	logFC	AveExpr	t	P.Value	adj.P.Val	B
Ch	HMDB00187	-0.01150049	5.456094187	-0.548209921	0.585574301	0.83561653	-6.019278772
Ch	HMDB00139	-0.000281172	5.960966709	-0.01028207	0.991830226	0.998009854	-6.164997539
Ch	HMDB00300	-0.014347886	4.934908414	-0.869723295	0.387905055	0.742158562	-5.799593647
Ch	HMDB00162	0.039275257	5.973990497	1.130281476	0.262839295	0.680807951	-5.550563742
Ch	HMDB00019	-0.000558177	7.110400261	-0.032598089	0.974102896	0.988345303	-6.164532197
Ch	HMDB00883	0.015906831	6.568579562	0.744206038	0.459645963	0.784262094	-5.897000174
Ch	HMDB00167	0.023516625	6.231047662	1.372776118	0.174912674	0.577998062	-5.263266206
Ch	HMDB00574	0.017899563	5.767885454	0.901681959	0.370818022	0.742158562	-5.772432863
Ch	HMDB02994	-0.097429458	5.071420942	-1.466102796	0.147822701	0.574711985	-5.13878038
Ch	HMDB00251	-0.006883527	6.380295591	-0.364694156	0.716617295	0.891419253	-6.100444727
Ch	HMDB00267	0.037498636	6.796486664	0.979797317	0.331106052	0.738442029	-5.702042048
Ch	HMDB00725	0.041499934	5.212041262	1.217857382	0.228028436	0.618934327	-5.452898711
Ch	HMDB00172	0.022188527	6.739008752	1.043077302	0.301081759	0.720536112	-5.640877964
Ch	HMDB00622	-0.03797693	5.29515825	-1.519797593	0.133795078	0.568167727	-5.063717226
Ch	HMDB00168	-0.012367437	5.107599579	-0.778098192	0.439557555	0.769423296	-5.872159534
Ch	HMDB11753	-0.052756897	4.956963564	-2.341857023	0.022513122	0.344351676	-3.617525362
Ch	HMDB00156	-0.03075068	6.104682685	-1.368608265	0.176205791	0.577998062	-5.268647134
Ch	HMDB00421	-0.240422748	5.074046895	-1.930547496	0.058251382	0.475525885	-4.408807596
Ch	HMDB00421	-0.141393399	5.040518908	-1.888872446	0.063727131	0.475525885	-4.481602632
Ch	HMDB00943	-0.036458119	6.373355184	-1.663565956	0.101395223	0.526852841	-4.850544907
Ch	HMDB02931	0.017610723	5.841966373	1.376817932	0.173665607	0.577998062	-5.258033364
Ch	HMDB00292	0.047130633	6.007272118	1.825395382	0.072901209	0.475525885	-4.589777133
Ch	HMDB00177	-0.006431999	6.086766575	-0.540042212	0.591159489	0.83561653	-6.023579188
Ch	HMDB00462	0.023607851	6.005612218	0.356146662	0.722975423	0.891419253	-6.10343427
Ch	HMDB00510	0.076945411	5.05010513	1.873703793	0.06582555	0.475525885	-4.507750113
Ch	HMDB00205	0.00994262	5.205738458	0.274224426	0.78485063	0.900089489	-6.128503551
Ch	HMDB01868	-0.053879203	5.364462336	-0.634779061	0.5279769	0.805477693	-5.969778443
Ch	HMDB00148	0.071446383	4.76889186	1.721346933	0.090321785	0.500902503	-4.759939138
Ch	HMDB00479	-0.051419873	5.536372407	-0.506742304	0.614186095	0.838499139	-6.040450345
Ch	HMDB00197	-0.036514951	5.589511314	-0.873677463	0.38576463	0.742158562	-5.796284829
Ch	HMDB00904	-0.016408386	6.027899053	-0.668788957	0.506185799	0.789845474	-5.948376434
Ch	HMDB01015	-0.009004165	5.107845315	-0.449715337	0.654530281	0.85940358	-6.066869904
Ch	HMDB00078	-0.007739978	6.058835881	-0.28504005	0.776591459	0.900089489	-6.12556601
Ch	HMDB00707	-0.047160394	4.728954366	-0.737373408	0.463758699	0.784262094	-5.901876638
Ch	HMDB03099	0.062987631	5.950091057	0.916698878	0.362957017	0.742158562	-5.759341355
Ch	HMDB00755	-0.021253834	5.921098831	-0.749666472	0.456374289	0.784262094	-5.89307133
Ch	HMDB61116	-0.221168249	5.917151733	-2.799206105	0.006873117	0.15857262	-2.592763756
Ch	HMDB02302	-0.133296753	6.277949423	-1.387000268	0.170554132	0.577998062	-5.244786711
Ch	HMDB59724	-0.120885951	6.135604335	-0.945400117	0.348232534	0.740959715	-5.73373618
Ch	HMDB00094	-0.035506244	7.473445905	-2.29063007	0.025500575	0.355344967	-3.723080041
Ch	HMDB03072	0.000152208	5.988960392	0.001096796	0.999128509	0.999128509	-6.165048365
Ch	HMDB00625	-0.012004406	6.233902803	-0.319306235	0.750599315	0.900089489	-6.11551138
Ch	HMDB04400	0.047459969	6.093960891	0.515693999	0.607956299	0.83561653	-6.036019543
Ch	HMDB04400	0.005423837	6.223116116	0.074769758	0.940645724	0.967329921	-6.162330421
Ch	HMDB00671	-0.100618311	5.587091501	-3.566212048	0.000717053	0.03887457	-0.578627776
Ch	HMDB00663	-0.075141467	5.324153763	-1.619664441	0.110529916	0.526852841	-4.917506843
Ch	HMDB00682	0.032660864	7.316172376	0.653879474	0.515678665	0.793162898	-5.957894246
Ch	HMDB00114	0.008841477	5.642497027	0.528125676	0.599352909	0.83561653	-6.029738769
Ch	HMDB00210	-0.013065259	5.667530835	-0.249209995	0.804046381	0.908066367	-6.134863298
Ch	HMDB03818	0.072668712	6.294901507	0.967830102	0.337000165	0.738442029	-5.713193217
Ch	HMDB60485	-0.118756265	4.944653678	-1.428350114	0.158357172	0.574711985	-5.190056353
Ch	HMDB10325	0.012105253	5.495811156	0.680015195	0.499100715	0.789845474	-5.941070487
Ch	HMDB00192	0.011041692	6.686226795	0.317114699	0.752253376	0.900089489	-6.116188452
Ch	HMDB00296	-0.024720077	7.215732001	-1.285094227	0.203679992	0.587334455	-5.373224843
Ch	HMDB00767	0.000493197	6.563365616	0.032116206	0.974485587	0.988345303	-6.164547362
Ch	HMDB00884	-0.031583158	6.113393168	-1.714951693	0.091496123	0.500902503	-4.770105058
Ch	HMDB04207	0.023677245	5.445251309	1.300712377	0.198312296	0.582317015	-5.354138787
Ch	HMDB03869	0.027412296	5.196012021	1.322386851	0.191039804	0.579105057	-5.327291666
Ch	HMDB03073	0.181113267	5.564721274	3.069146635	0.003216694	0.115443584	-1.923070605
Ch	HMDB00673	0.068480012	6.565507778	1.836025217	0.071291792	0.475525885	-4.571891142
Ch	HMDB00207	0.070017709	6.645946171	1.897659059	0.062537706	0.475525885	-4.466371263
Ch	HMDB00788	0.013629219	4.999748437	0.54172405	0.590007375	0.83561653	-6.0226989
Ch	HMDB00709	-0.003925196	6.395617791	-0.159391003	0.873894204	0.939149063	-6.152697008
Ch	HMDB13240	-0.053397826	4.808274287	-0.707156192	0.482196985	0.789845474	-5.92291315
Ch	HMDB01043	0.004351924	5.462572163	0.072876034	0.942146276	0.967329921	-6.162466377
Ch	HMDB02183	0.051860131	5.240875108	0.850858354	0.398218591	0.742158562	-5.815178313
Ch	HMDB00289	0.048863466	7.561688808	2.504502822	0.014987045	0.265710008	-3.26975984
Ch	HMDB00656	-0.061975013	5.281015258	-1.279936729	0.20547614	0.587334455	-5.37947972
Ch	HMDB10351	0.019422862	4.760185792	0.314177201	0.754472281	0.900089489	-6.117088699
Ch	HMDB11483	0.088919245	4.860006517	1.097709376	0.27670115	0.698238059	-5.585111086
Ch	HMDB02639	-0.104277881	5.633329818	-1.365558919	0.177156499	0.577998062	-5.272574297
Ch	HMDB01008	-0.028373608	4.809506656	-0.42518809	0.672215075	0.868501877	-6.077270864
Ch	HMDB00123	-0.017017064	4.785312437	-1.023773054	0.310037465	0.725667399	-5.659928048
Ch	HMDB0000243	0.062930914	6.719543574	1.317481315	0.192667902	0.579105057	-5.333404497
Ch	HMDB00039	-0.022326181	5.010635678	-0.892858007	0.375487312	0.742158562	-5.780027387
Ch	HMDB00161	0.063013881	6.000231119	3.373128105	0.001303949	0.052646949	-1.116938034
Ch	HMDB02329	-0.113749489	5.192869443	-2.325097422	0.023454294	0.344351676	-3.652271809
Ch	HMDB00190	0.015597378	7.369496059	0.745668066	0.458768657	0.784262094	-5.89595099
Ch	HMDB00407	-0.046237926	5.827438549	-1.043357893	0.300952902	0.720536112	-5.64059854
Ch	HMDB0000491	0.008857634	6.933059878	0.377531711	0.707105806	0.88869718	-6.095822128
Ch	HMDB0000746	-0.033140169	5.179700709	-0.994296011	0.324057236	0.737116107	-5.688354503
Ch	HMDB00764	-0.382624399	4.725594965	-3.540592228	0.000777075	0.03887457	-0.65116514
Ch	HMDB00669	-0.150193108	4.604723205	-0.9981132	0.322218218	0.737116107	-5.68471856
Ch	HMDB00152	-0.188204356	4.702805553	-2.840521442	0.006135758	0.152449979	-2.49323851
Ch	HMDB00329	-0.051059971	4.782566518	-0.895321625	0.374179931	0.742158562	-5.77791433
Ch	HMDB10738	0.034479767	5.128658725	0.479075867	0.633619723	0.849208177	-6.053658051
Ch	HMDB00779	-0.086895383	4.766175193	-2.187184027	0.032623034	0.390268143	-3.930275653
Ch	HMDB11756	-0.015002461	4.079199265	-0.5292488	0.598578439	0.83561653	-6.029164043
Ch	HMDB60015	0.116985125	6.236915509	1.63714704	0.106815405	0.526852841	-4.891036459
Ch	HMDB00017	-0.060170348	4.522272824	-0.737657581	0.463587231	0.784262094	-5.901674703
Ch	HMDB33724	-0.045331275	5.058703134	-1.103780982	0.274079209	0.697067595	-5.578744681
Ch	HMDB0011635	-0.167500896	7.113914786	-2.396581588	0.019669945	0.317669604	-3.502640158
Ch	HMDB00784	0.012852813	5.066499888	0.562406672	0.575926588	0.834189632	-6.011651986
Ch	HMDB02203	0.015286726	5.306016633	0.381437501	0.704221153	0.888529033	-6.094384144
Ch	HMDB02203	-0.121745163	5.198204738	-2.926464816	0.00483013	0.130010994	-2.282715807
Ch	HMDB00715	-0.037316442	4.248374765	-1.289809365	0.202048174	0.587334455	-5.367485668
Ch	HMDB00529	0.064224648	5.086293879	0.892132319	0.375872968	0.742158562	-5.780648733
Ch	HMDB00529	0.050055318	5.225881787	0.952364277	0.344719227	0.740959715	-5.727407867
Ch	HMDB00603	0.006297901	4.348007909	0.15464741	0.87761643	0.939149063	-6.153421124
Ch	HMDB00792	-0.08924879	4.031282922	-1.602948633	0.114178634	0.526852841	-4.94257355
Ch	HMDB00792	0.000188426	4.336437102	0.00537038	0.995732828	0.998825166	-6.165034925
Ch	HMDB11621	-0.514663469	4.28245222	-4.459588715	3.65E-05	0.005891223	2.135649534
Ch	HMDB00512	0.016220283	3.96708204	0.441850975	0.660179695	0.862778152	-6.070267936
Ch	HMDB00888	-0.086195858	4.006342012	-1.614580528	0.111629506	0.526852841	-4.925155719
Ch	HMDB00387	0.014866358	4.579741276	0.451531483	0.653228503	0.85940358	-6.066076723
Ch	HMDB00387	0.021758589	5.163715298	0.505224131	0.615245498	0.838499139	-6.041194166
Ch	HMDB02000	0.067268572	5.306892676	1.243297067	0.218576987	0.602710395	-5.423230285
Ch	HMDB02000	0.057580926	5.933084315	0.932063485	0.355025528	0.742158562	-5.745729423
Ch	HMDB00806	0.019177501	6.194988546	0.573469507	0.568462315	0.827087062	-6.005575118
Ch	HMDB00623	-0.149897004	5.028588971	-2.93227784	0.004751861	0.130010994	-2.268308428
Ch	HMDB61112	-0.049039894	6.632770661	-0.386676172	0.700358936	0.887121319	-6.092432317
Ch	HMDB03229	0.060124321	6.998687463	1.408299623	0.164184222	0.577998062	-5.216782447
Ch	HMDB00872	0.004548091	4.961125901	0.117415526	0.906921511	0.948708981	-6.158345438
Ch	HMDB00872	-0.210772081	5.267223274	-3.703242868	0.000464045	0.03887457	-0.185115665
Ch	HMDB01931	0.306357463	4.402393305	1.991802908	0.050933038	0.470039178	-4.299285623
Ch	HMDB60038	0.072899029	5.912205836	1.864755959	0.067090546	0.475525885	-4.523086767
Ch	HMDB31057	0.031424929	5.631520874	1.211408	0.230471287	0.620351882	-5.460327612
Ch	HMDB31057	0.030045883	5.802712798	1.55072869	0.126206539	0.553879924	-5.019346075
Ch	HMDB06547	0.012659885	5.390816982	0.262867808	0.793549714	0.902523091	-6.131466052
Ch	HMDB11686	-0.135179863	4.437205038	-0.965094143	0.338357338	0.738442029	-5.715723982
Ch	HMDB00672	-0.025235618	4.796560062	-0.970510197	0.335674186	0.738442029	-5.710707402
Ch	HMDB00672	-0.01198848	5.119856744	-0.278276989	0.781752991	0.900089489	-6.127416143
Ch	HMDB04702	-0.000477689	5.190503207	-0.014492849	0.988484692	0.997751736	-6.164946807
Ch	HMDB13622	0.062087975	5.547872399	1.547861947	0.126895091	0.553879924	-5.023493069
Ch	HMDB00772	-0.021447345	4.469127105	-0.587517679	0.559052648	0.820790933	-5.997689758
Ch	HMDB00772	0.031105564	4.613401321	0.883632821	0.380408539	0.742158562	-5.787889549
Ch	HMDB11531	0.005040007	4.161004851	0.171591987	0.864333608	0.939149063	-6.150734112
Ch	HMDB11531	-0.10760334	4.174522472	-1.352907828	0.181142653	0.579105057	-5.288779529
Ch	HMDB11531	-0.008565622	4.234643314	-0.220216013	0.826447762	0.919807701	-6.141475747
Ch	HMDB01999	-0.055853501	6.22264919	-0.935983676	0.353019943	0.742158562	-5.74222126
Ch	HMDB02925	0.054946322	6.183910368	1.751248172	0.084994948	0.500902503	-4.711955794
Ch	HMDB05060	0.077764222	6.061341965	2.083798239	0.041429846	0.418182507	-4.129229308
Ch	HMDB02231	0.027367784	5.989213026	0.704179426	0.484035242	0.789845474	-5.924938716
Ch	HMDB02212	-0.089588831	5.235279346	-1.829645025	0.072254169	0.475525885	-4.582637678
Ch	HMDB13034	0.031319973	4.053814265	1.332259379	0.187794707	0.579105057	-5.314924637
Ch	HMDB00782	0.04754341	5.439971419	1.805943236	0.075925295	0.480860199	-4.622268097
Ch	HMDB00782	0.011123066	4.595039162	0.272935411	0.785836644	0.900089489	-6.128846092
Ch	HMDB00782	-0.050778508	4.953155548	-2.188722704	0.032505433	0.390268143	-3.927252868
Ch	HMDB11532	-0.123742709	4.11788197	-1.820771021	0.073610818	0.475525885	-4.59752932
Ch	HMDB11532	-0.025515953	4.344833719	-0.865333489	0.390289965	0.742158562	-5.803249876
Ch	HMDB11532	-0.106632546	4.732231044	-3.514734583	0.000842483	0.03887457	-0.724037316
Ch	HMDB11534	0.078277152	4.264018868	1.238912055	0.220185222	0.602710395	-5.428385693
Ch	HMDB06528	0.023174614	6.362136131	0.609071217	0.544768166	0.814630175	-5.985225101
Ch	HMDB02226	0.047055306	5.987965733	1.190039242	0.238701339	0.637194484	-5.484673752
Ch	HMDB02823	0.061040302	4.689047698	1.467968585	0.147316656	0.574711985	-5.136214035
Ch	HMDB61714	0.079645563	4.352550592	1.970559516	0.053376342	0.475525885	-4.33760646
Ch	HMDB31923	-0.263589871	4.250321191	-4.47512079	3.45E-05	0.005891223	2.185620658
Ch	HMDB11539	0.027043411	4.745574898	0.438708545	0.662442668	0.862778152	-6.071609067
Ch	HMDB02007	0.017283641	4.664809951	0.27764161	0.78223842	0.900089489	-6.127587683
Ch	HMDB11536	0.063438846	4.30503996	0.819176624	0.415915781	0.742214349	-5.840600842
Ch	HMDB06322	0.056094625	4.786723802	1.307122011	0.196140359	0.581223266	-5.346243014
Ch	HMDB06246	0.04270002	4.549162173	1.158373783	0.251284703	0.66528655	-5.519992108
Ch	HMDB00949	0.003229292	5.200162416	0.319192532	0.750685104	0.900089489	-6.115546622
Ch	HMDB01032	0.049419245	6.522151375	0.682763708	0.497374343	0.789845474	-5.939263537
Ch	HMDB01032	0.036221977	7.152703227	0.540339047	0.59095607	0.83561653	-6.023424019
Ch	HMDB02759	0.016401616	5.814078166	0.232799825	0.816706266	0.915606955	-6.138705983
Ch	HMDB02759	0.062710422	6.796985651	0.776161515	0.440691361	0.769423296	-5.873608178
Ch	HMDB11550	0.031689079	4.422501106	0.516994949	0.607053331	0.83561653	-6.035369216
Ch	HMDB04666	0.070535192	4.753937933	0.915060311	0.363809536	0.742158562	-5.760780042
Ch	HMDB04666	0.170429353	4.039901909	1.563152171	0.123256998	0.553879924	-5.001292909
Ch	HMDB11542	-0.041170851	4.174141594	-0.482496217	0.631202721	0.849208177	-6.052065037
Ch	HMDB0000518	0.261550662	5.337995589	2.166249877	0.034260523	0.393890548	-3.971222589
Ch	HMDB0000518	0.12094906	5.600551109	1.730660187	0.08863388	0.500902503	-4.745073704
Ch	HMDB0000518	0.025061655	5.640636393	0.313617352	0.754895412	0.900089489	-6.117259328
Ch	HMDB00774	0.086950816	5.185921262	1.008379735	0.317306778	0.737116107	-5.67487274
Ch	HMDB0000619	-0.341173967	5.185684056	-2.488021412	0.01563	0.265710008	-3.305860446
Ch	HMDB11553	0.077346943	4.32351252	1.028051655	0.308037122	0.725667399	-5.655735364
Ch	HMDB41623	-0.01540735	4.248797701	-0.594192028	0.554609394	0.817985544	-5.993877314
Ch	HMDB00430	0.00663699	4.700434219	0.164492315	0.869894474	0.939149063	-6.151893896
Ch	HMDB00430	-0.061518081	5.528360054	-2.276198924	0.026403341	0.355344967	-3.75246547
Ch	HMDB12458	0.050741504	5.59759491	2.102701624	0.039680021	0.415518409	-4.093467033
Ch	HMDB11559	0.028611034	4.657843599	0.46620305	0.642752149	0.854357794	-6.05955271
Ch	HMDB11558	-0.019028663	5.049118018	-0.27521412	0.784093817	0.900089489	-6.128239458
Ch	HMDB11558	-0.034643811	4.69556996	-0.461759885	0.645917273	0.855046226	-6.061550314
Ch	HMDB00637	0.175514011	5.272615969	1.434083382	0.156720831	0.574711985	-5.182349531
Ch	HMDB00637	0.097899092	6.269330557	1.041370247	0.301866513	0.720536112	-5.64257636
Ch	HMDB11474	0.111010381	4.814644278	1.654723023	0.103183913	0.526852841	-4.864163855
Ch	HMDB00907	-0.012152788	5.274514847	-0.153613877	0.878427798	0.939149063	-6.153575994
Ch	HMDB00138	0.021883786	5.454164637	0.215200791	0.830337927	0.919807701	-6.142536812
Ch	HMDB02829	0.006991965	5.216414607	0.112848955	0.910525648	0.948708981	-6.158856673
Ch	HMDB02829	-0.080014912	4.906183421	-1.31975785	0.191911048	0.579105057	-5.330570347
Ch	HMDB11475	-0.011357165	6.0652979	-0.335062311	0.738742427	0.900089489	-6.11050679
Ch	HMDB10318	0.053131498	4.762304418	0.521036776	0.60425189	0.83561653	-6.033338407
Ch	HMDB00874	0.189852999	5.610924048	1.604590386	0.113816022	0.526852841	-4.940122133
Ch	HMDB11481	0.007188644	5.120536437	0.277869989	0.782063928	0.900089489	-6.12752607
Ch	HMDB02639	-0.068532256	5.206264265	-0.829399527	0.410153958	0.742158562	-5.832500531
Ch	HMDB00036	0.094497748	4.930477088	0.689272211	0.493299312	0.789845474	-5.934956069
Ch	HMDB00036	-0.018385188	4.556354629	-0.195065693	0.845998148	0.926296278	-6.146551074
Ch	HMDB11494	0.032615916	5.388267452	0.840917099	0.403721019	0.742158562	-5.823256873
Ch	HMDB11493	0.038616807	4.633780856	0.668823843	0.506163698	0.789845474	-5.948353916
Ch	HMDB10357	-0.095346319	5.043045725	-0.669378417	0.505812436	0.789845474	-5.947995796
Ch	HMDB10357	0.023096027	5.721215235	0.70283274	0.484868145	0.789845474	-5.92585232
Ch	HMDB61693	-0.058783727	4.35355487	-0.862975915	0.391574559	0.742158562	-5.805206037
Ch	HMDB61690	0.057095838	5.787062004	1.478305513	0.1445376	0.574711985	-5.121941014
Ch	HMDB00650	0.008103005	5.235507035	0.264354108	0.792409695	0.902523091	-6.131085442
Ch	HMDB00097	0.026824753	7.06218529	1.736871556	0.0875227	0.500902503	-4.735119203
Ch	HMDB00562	-0.035572782	7.90118063	-1.923004245	0.05921173	0.475525885	-4.422087209
Ch	HMDB00043	-0.013856493	7.625166878	-0.65849568	0.512729438	0.79240004	-5.954969974
Ch	HMDB00070	-0.036294459	6.123231149	-0.82329837	0.413586815	0.742158562	-5.837346704
Ch	HMDB00064	0.075607909	5.76973649	1.502926246	0.138084257	0.57115954	-5.087571723
Ch	HMDB03374	0.043017271	6.299348286	2.205546174	0.031243704	0.390268143	-3.894085411
Ch	HMDB00157	-0.007228341	6.625629462	-0.211130646	0.833498164	0.919807701	-6.143379989
Ch	HMDB00301	0.034210732	5.20160301	0.982525768	0.329771855	0.738442029	-5.699481094
Ch	HMDB04827	-0.031453871	6.887981547	-0.359912988	0.720171361	0.891419253	-6.102125671
Ch	HMDB00730	-0.106008777	5.865201486	-1.249483366	0.216322853	0.602710395	-5.415927773
Ch	HMDB0000895	0.023581557	6.244960187	0.599031626	0.55139868	0.816980614	-5.991086288
Ch	HMDB00641	-0.003554244	5.70177326	-0.25342993	0.800799197	0.907572423	-6.133832933
Ch	HMDB00182	0.03794591	6.712120252	2.663077636	0.009917748	0.188437208	-2.912774534
Ch	HMDB00696	0.026664108	6.311043824	1.420722795	0.160554615	0.576212674	-5.200264622
Ch	HMDB02320	-0.100238616	5.006175692	-2.947506404	0.004552362	0.130010994	-2.230465057
Ch	HMDB33433	-0.128382082	5.711297109	-1.934238779	0.05778629	0.475525885	-4.402292595
Ch	HMDB29412	-0.177843837	5.694358181	-1.679785085	0.098180348	0.52402092	-4.825394704
Ch	HMDB02038	0.131815086	6.236680866	1.73924055	0.087101946	0.500902503	-4.731314134
Ch	HMDB00159	-0.020754385	6.80949632	-0.696515286	0.488785993	0.789845474	-5.93011519
Ch	HMDB00001	-0.021949901	6.269155159	-0.808252652	0.422126578	0.748820261	-5.849148164
Ch	HMDB00517	0.023822238	7.238212044	1.391459506	0.16920505	0.577998062	-5.238956745
Ch	HMDB33592	0.030061534	4.958461919	0.36476882	0.716561843	0.891419253	-6.100418302
Ch	HMDB00158	0.015194599	6.682979406	0.711696165	0.479400901	0.789845474	-5.919807717
Ch	HMDB00206	-0.008319038	4.980783031	-0.497918013	0.620355291	0.841910752	-6.044742817
Ch	HMDB00670	0.072287186	6.134094903	1.859556702	0.067834967	0.475525885	-4.531968459
Ch	HMDB01325	-0.019912439	5.984166771	-0.527529006	0.599764543	0.83561653	-6.030043606
Ch	HMDB01539	0.016728831	6.411823063	1.239698487	0.219896153	0.602710395	-5.427462365
Ch	HMDB00929	0.022789182	7.073459985	1.447215174	0.153022409	0.574711985	-5.164589147
Ch	HMDB13124	0.123243311	5.541807918	0.998856386	0.321860984	0.737116107	-5.684009096
Ch	HMDB00824	0.071587734	6.251125476	1.059572815	0.293570359	0.718357772	-5.624328193
Ch	HMDB28783	-0.012626951	6.109433171	-0.38885128	0.698757657	0.887121319	-6.091614133
Ch	HMDB06695	-0.028585972	5.088876762	-0.852438221	0.397348426	0.742158562	-5.813885939
Ch	HMDB06695	-0.043443923	5.46780986	-1.431419964	0.15747936	0.574711985	-5.185933349
Ch	HMDB61115	-0.088230203	6.152006671	-0.824202214	0.413077164	0.742158562	-5.836630982
Ch	HMDB29159	-0.036808156	6.240564092	-1.314589204	0.193632651	0.579105057	-5.33699836
Ch	HMDB29159	-0.002671001	6.464351782	-0.154920274	0.877402241	0.939149063	-6.153380063
Ch	HMDB00086	-0.115796958	5.897662186	-1.273346606	0.207788351	0.58873366	-5.38743746
Ch	HMDB12881	0.025552605	5.324897742	0.533205322	0.595853861	0.83561653	-6.027129773
Ch	HMDB03869	0.045827485	4.792450479	2.043130027	0.045422692	0.444591806	-4.205224484
Ch	HMDB37844	0.007492874	5.014643727	0.149443864	0.881702762	0.939149063	-6.154190312
Ch	HMDB03331	0.014949685	5.721900082	0.903622718	0.369796026	0.742158562	-5.770752766
Ch	HMDB00791	0.100193905	6.605435373	1.874227198	0.065752182	0.475525885	-4.506850982
Ch	HMDB61677	-0.099017484	5.605845788	-0.415839824	0.67900536	0.873779806	-6.081082539
Ch	HMDB61677	0.06777972	4.961078888	0.853460612	0.396785938	0.742158562	-5.813048349
Ch	HMDB01563	0.018295348	4.741790303	0.826224008	0.411938514	0.742158562	-5.835027219
Ch	HMDB00269	0.042050267	5.413916294	1.891792866	0.063329692	0.475525885	-4.476547081
Ch	HMDB13164	0.213701282	5.159832548	1.554018965	0.125419941	0.553879924	-5.014577709
Ch	HMDB05066	0.043372876	5.469159892	1.123751109	0.265578334	0.680807951	-5.557567641
Ch	HMDB00222	0.058578834	5.800069682	2.739720115	0.00807873	0.163089354	-2.73411097
Ch	HMDB00848	0.049882009	5.083748283	1.461900273	0.148967509	0.574711985	-5.144549748
Ch	HMDB10397	-0.048523387	6.594038895	-0.620652167	0.537170434	0.810775935	-5.978344622
Ch	HMDB01008	0.018409784	6.058239146	0.348046693	0.729018811	0.895334889	-6.106202146
Ch	HMDB00054	0.182925235	6.186508586	1.623078329	0.109796466	0.526852841	-4.912358246
Ch	HMDB13464	-0.008500589	7.151546889	-0.209999862	0.834376646	0.919807701	-6.14361139
Ch	HMDB12088	0.045086441	6.490469864	1.402787708	0.165814762	0.577998062	-5.224067714
Ch	HMDB12104	-0.003884231	6.832988034	-0.132533932	0.895003833	0.944757142	-6.156508293
Ch	HMDB12107	0.004984412	6.931725846	0.168693159	0.866603319	0.939149063	-6.15121357
Ch	HMDB00024	-0.03485978	5.211347176	-0.479655727	0.63320968	0.849208177	-6.053388775
Ch	HMDB11749	0.085699543	5.298446307	1.063744522	0.29169132	0.718357772	-5.620103191
Ch	HMDB04193	0.026886868	5.624706615	0.660681012	0.51133641	0.79240004	-5.953578543
Ch	HMDB04193	0.01732949	5.138558883	0.387005346	0.700116515	0.887121319	-6.092308789
Ch	HMDB00062	0.004131074	5.760975	0.204275373	0.838827108	0.921568557	-6.144763797
Ch	HMDB00897	0.004900145	4.785291037	0.310045888	0.757596476	0.900089489	-6.118340683
Ch	HMDB00714	-0.243596278	5.754342487	-3.554836791	0.000743137	0.03887457	-0.610875535
Ch	HMDB01860	0.041389813	6.137834614	0.582510367	0.562397713	0.821965889	-6.000522038
Ch	HMDB0001889	0.084909113	6.426597707	1.316242831	0.193080591	0.579105057	-5.334944401
Ch	HMDB01847	0.166567899	6.491105679	2.152622211	0.035364786	0.393890548	-3.997698501
Ch	HMDB60484	-0.115602415	4.267207726	-1.127041667	0.264195663	0.680807951	-5.554043331
Ch	HMDB02013	-0.04402178	5.410532606	-1.038078669	0.303383626	0.720536112	-5.645843679
Ch	HMDB02366	-0.051961607	3.984461339	-0.879859923	0.382432865	0.742158562	-5.791082104
Ch	HMDB00705	0.079327303	4.928254027	1.452863386	0.151452734	0.574711985	-5.1569038
Ch	HMDB11171	-0.002226185	4.506782589	-0.069088413	0.945148142	0.967329921	-6.162727841
Ch	HMDB11171	-0.000899121	4.724077086	-0.030076205	0.976105732	0.988345303	-6.164609059
Ch	HMDB06344	-0.131617907	5.867452366	-2.10051073	0.039879476	0.415518409	-4.097626056
Ch	HMDB00305	0.031504795	5.866301485	1.062656989	0.292180371	0.718357772	-5.621206156
Ch	HMDB29377	-0.010555127	6.09615668	-0.115015987	0.908815092	0.948708981	-6.158616598
Ch	HMDB29377	-0.034578928	6.081918103	-0.401668136	0.689350192	0.883571874	-6.086700271
Ch	HMDB13324	0.122054345	5.790764177	2.73983841	0.008076151	0.163089354	-2.733832192
Ch	HMDB00791	0.047722506	5.73730737	0.753394063	0.454148594	0.784262094	-5.890373109
Ch	HMDB00594	0.002907457	4.532913198	0.127684982	0.898823698	0.94566793	-6.15712172
Ch	HMDB04824	0.014954841	4.331204737	0.623960134	0.535010292	0.810775935	-5.97635581
Ch	HMDB13325	0.077752248	4.76545357	1.607296203	0.113220421	0.526852841	-4.936076882
Ch	HMDB13302	-0.019161893	4.25522749	-0.710631214	0.480055969	0.789845474	-5.920537918
Ch	HMDB13205	0.076104749	5.70697573	1.496695974	0.139695367	0.57115954	-5.096318511
Ch	HMDB00651	0.018603422	6.101278401	0.299851849	0.76532273	0.900089489	-6.121359295
Ch	HMDB13326	0.038442641	5.654512185	0.825865353	0.412140365	0.742158562	-5.835311997
Ch	HMDB02250	0.029230568	5.590698447	0.609846932	0.54425755	0.814630175	-5.98476823
Ch	HMDB29006	0.002808029	4.830236333	0.06755192	0.946366114	0.967329921	-6.162829929
Ch	HMDB60061	-0.04506317	5.162584217	-1.45332005	0.151326375	0.574711985	-5.156281216
Ch	HMDB11131	-0.012221279	6.394100941	-0.356018746	0.723070725	0.891419253	-6.103478474
Ch	HMDB13331	0.062867528	5.467922976	1.123990591	0.265477533	0.680807951	-5.55731148
Ch	HMDB02014	0.046683303	5.731890347	0.948485912	0.346672931	0.740959715	-5.730937681
Ch	HMDB00277	-0.010107351	5.770945576	-0.433886855	0.665921079	0.863825335	-6.073648387
Ch	HMDB01383	-0.074269722	4.608845492	-1.770071359	0.081777165	0.500902503	-4.681368896
Ch	HMDB06461	0.059463418	5.601046673	1.761060387	0.083304709	0.500902503	-4.696047976
Ch	HMDB05065	0.02380842	5.750576024	0.903576294	0.369820452	0.742158562	-5.770792996
Ch	HMDB11152	-0.035513534	5.100143936	-0.97772041	0.332124044	0.738442029	-5.703986839
Ch	HMDB11473	-0.00463836	6.02482931	-0.132496791	0.895033081	0.944757142	-6.156513079
Ch	HMDB10379	0.039640755	6.60108936	0.944502765	0.348686925	0.740959715	-5.734548327
Ch	HMDB11477	0.060309389	6.638517648	1.675793464	0.098963703	0.52402092	-4.831604847
Ch	HMDB10407	-0.034601248	6.074662801	-1.317289307	0.19273184	0.579105057	-5.333643325
Ch	HMDB11129	0.016768035	5.899809323	0.467509331	0.641822869	0.854357794	-6.058961807
Ch	HMDB10381	0.003213765	6.22304922	0.103259818	0.918099867	0.953524943	-6.159864225
Ch	HMDB10383	0.044671045	6.740400808	1.0737533	0.287216963	0.718357772	-5.609901476
Ch	HMDB10382	0.012857136	8.0067734	0.669007834	0.506047145	0.789845474	-5.948235134
Ch	HMDB11487	0.020047285	6.556216688	0.72432961	0.471668142	0.789845474	-5.911063439
Ch	HMDB11484	0.08537283	5.261929253	2.02100552	0.047731428	0.453448565	-4.246023966
Ch	HMDB10408	-0.007732545	5.184150154	-0.229539738	0.819227276	0.915606955	-6.139438287
Ch	HMDB11482	0.011375379	5.745848385	0.327123203	0.744709075	0.900089489	-6.113058494
Ch	HMDB13122	-0.024860813	5.814340076	-0.846600519	0.400569586	0.742158562	-5.818649695
Ch	HMDB12108	-0.020164758	6.370799192	-0.633705488	0.528672666	0.805477693	-5.970436105
Ch	HMDB11149	-0.026905844	5.291120685	-0.710067911	0.480402668	0.789845474	-5.920923722
Ch	HMDB10386	-0.002787237	7.776288499	-0.098755917	0.921660062	0.954154487	-6.16030661
Ch	HMDB10384	0.013743548	7.457826727	0.526843818	0.600237406	0.83561653	-6.030393246
Ch	HMDB11496	0.050740451	6.36631081	1.336999641	0.186251481	0.579105057	-5.308955917
Ch	HMDB11490	-0.045604903	5.115802743	-1.518786191	0.134049194	0.568167727	-5.065154181
Ch	HMDB10395	-0.022714815	7.190933899	-0.680172724	0.499001681	0.789845474	-5.940967117
Ch	HMDB10393	0.026173536	6.56956138	0.804532698	0.424254204	0.748820261	-5.852033191
Ch	HMDB10392	-0.004894652	5.59852759	-0.146641242	0.883905001	0.939149063	-6.154593697
Ch	HMDB10391	-0.052268884	5.36002472	-1.365556353	0.177157301	0.577998062	-5.272577598
Ch	HMDB10390	-0.065004889	4.851183844	-1.513255499	0.135445557	0.568167727	-5.072996323
Ch	HMDB10404	-0.011377369	6.623881997	-0.273227999	0.785612802	0.900089489	-6.128768481
Ch	HMDB10401	-0.041220156	5.301085768	-0.891684469	0.376111095	0.742158562	-5.781031944
Ch	HMDB10398	-0.022619716	4.232475776	-0.233501708	0.816163757	0.915606955	-6.138546973
Ch	HMDB12096	-0.050310301	5.463961286	-0.860523754	0.39291348	0.742158562	-5.807235162
Ch	HMDB12097	-0.010839363	6.847147675	-0.28067004	0.779925487	0.900089489	-6.126766554
Ch	HMDB12342	-0.045237826	4.329882532	-0.599749294	0.55092336	0.816980614	-5.990670501
Ch	HMDB0000248	0.00665728	5.271697277	0.273786834	0.78518532	0.900089489	-6.128620016
H	PLTP	-0.458492095	-1.778074625	-3.710228402	0.000449205	0.105102815	-0.102568709
H	APOC4	0.62396065	-2.633397611	3.57283003	0.000696045	0.105102815	-0.481344708
H	APOD	-0.292288547	3.185308932	-3.305850994	0.001588031	0.14269693	-1.19129016
H	PRG4	0.469836969	-2.620474914	3.24795346	0.001890026	0.14269693	-1.340440309
H	CFH	0.213652654	5.312181514	3.115393954	0.002796795	0.168926438	-1.675111008
H	SERPIND1	0.197878295	3.288411159	2.957841966	0.0044003	0.221481782	-2.060042042
H	HP	0.388566877	7.029935502	2.716173956	0.008576347	0.298496012	-2.621791465
H	BCHE	0.282616788	-1.239926492	2.685794437	0.009303838	0.298496012	-2.689839978
H	F10	0.270514966	0.349085501	2.613475708	0.011267978	0.298496012	-2.849444401
H	PRG4	0.474751353	-2.06018738	2.600477098	0.011658652	0.298496012	-2.877771663
H	APOA1	-0.300608273	8.373270513	-2.5972723	0.011756845	0.298496012	-2.884738729
H	APOF	-0.268810958	-1.13015018	-2.565133975	0.012783916	0.298496012	-2.954232241
H	LRG1	-0.245286637	3.073571496	-2.543644821	0.013515353	0.298496012	-3.00031783
H	VTN	0.189583632	4.864597355	2.534510983	0.013837563	0.298496012	-3.01981325
H	SHBG	-0.522259366	-1.226961452	-2.364925848	0.021224001	0.427309884	-3.371522211
H	NPHP3	0.346620542	-3.674916332	2.273512665	0.026520963	0.500583168	-3.552844016
H	IL1RAP	-0.301883994	-4.773590219	-2.178407608	0.033242593	0.560178265	-3.735162254
H	BTD	0.185816047	-2.235763401	2.176543084	0.033388108	0.560178265	-3.738671131
H	C1QB	0.163770865	0.756305079	2.123307891	0.037785045	0.600583349	-3.837781099
H	PCOLCE	0.169790175	-5.198482424	2.086071105	0.041153111	0.608429732	-3.905863864
H	C4A	-0.401751569	-4.390255101	-2.07391127	0.042308028	0.608429732	-3.927873382
H	LPA	-1.074177613	-0.398896083	-2.0077233	0.049099125	0.608712028	-4.045731446
H	GSN	-0.165977771	3.052075161	-2.000911385	0.049848572	0.608712028	-4.057673633
H	KNG1	0.311470495	-4.891850992	1.991998133	0.050844035	0.608712028	-4.073246583
H	MASP1	0.257895411	-2.239017322	1.991973205	0.050846843	0.608712028	-4.073290052
H	PON1	-0.191781136	3.513542264	-1.978312628	0.052405671	0.608712028	-4.097039925
H	INHBC	0.186973506	-5.528533332	1.960668224	0.054479544	0.609363784	-4.127505457
H	FCN3	0.256166782	0.349937419	1.916314169	0.06000477	0.615641171	-4.203035447
H	C5	0.096933745	3.561036741	1.883744819	0.064359004	0.615641171	-4.257531397
H	IGHV1-69	0.485969288	-4.449222612	1.879468602	0.064950078	0.615641171	-4.264625398
H	IL1RAP	-0.212074788	-4.872510052	-1.875014239	0.065570649	0.615641171	-4.271999817
H	PROS1	0.139683132	1.989634471	1.849966567	0.06915421	0.615641171	-4.313179564
H	TYMP	0.401840677	-3.555226531	1.846581827	0.069650881	0.615641171	-4.318706685
H	MGP	0.203458759	-5.172595095	1.835269936	0.071332589	0.615641171	-4.337113393
H	CFHR2	-0.406287323	-2.625437577	-1.835159712	0.071349142	0.615641171	-4.337292257
H	ACTBL2	0.32020974	-3.722519016	1.786333697	0.079005456	0.662767988	-4.415583513
H	COL6A3	-0.262926929	-4.962612947	-1.745790435	0.085872556	0.700905729	-4.479160182
H	JCHAIN	0.245618957	3.046628054	1.700040369	0.094207557	0.748702161	-4.549326747
H	F13A1	-0.199115714	-0.206441499	-1.6642551	0.10118083	0.76435934	-4.603037701
H	IGHV4-39	0.230237663	-2.266070919	1.65370898	0.10331448	0.76435934	-4.618669165
H	IGKV3-20	-0.268426448	-5.299189627	-1.646432893	0.104807809	0.76435934	-4.629401216
H	FETUB	0.188053512	0.077527844	1.630116699	0.108220376	0.76435934	-4.653310847
H	PON3	-0.186830278	-0.947936138	-1.612390253	0.112029454	0.76435934	-4.679041351
H	ATRN	0.116075549	-1.363484344	1.609599255	0.112638944	0.76435934	-4.683069209
H	IGHV3-7	0.225611947	2.228420387	1.597402685	0.11533389	0.76435934	-4.700596097
H	DSP	-0.232251776	-4.353606973	-1.592527254	0.116425595	0.76435934	-4.707568197
H	HPR	-0.254308221	1.722107934	-1.574612046	0.120508777	0.765466179	-4.733020383
H	C9	-0.155708901	2.064697701	-1.56963412	0.121663499	0.765466179	-4.740045737
H	IGKV1-16	0.374168118	-2.686069693	1.533762598	0.130248721	0.800580943	-4.790067548
H	IGHV3-33	0.313246253	-4.237583287	1.523858088	0.132702209	0.800580943	-4.803691788
H	DYNC1H1	-0.178103504	-2.839628364	-1.513932967	0.135197444	0.800580943	-4.817262823
H	CEP290	0.266459109	-5.015586794	1.496935257	0.139556892	0.810503488	-4.840314499
H	IGHV3-53	0.25725551	-1.510300105	1.484261163	0.142879028	0.814140875	-4.857346174
H	ECM1	-0.132497333	0.916877494	-1.460484848	0.149278708	0.818749879	-4.888935607
H	IGHM	0.279694643	4.898180453	1.454205151	0.151005852	0.818749879	-4.897199944
H	IGHV3-23	0.182852714	-0.738293908	1.426326806	0.158862381	0.818749879	-4.93348959
H	SERPINA3	-0.084349715	5.015704779	-1.416146002	0.16180925	0.818749879	-4.946579216
H	MAN2B2	0.213648829	-2.732161448	1.409969576	0.16361754	0.818749879	-4.954477784
H	IGKV3-20	0.208143891	-4.262164429	1.407377224	0.164381144	0.818749879	-4.957783363
H	ITIH3	-0.140297437	0.640293216	-1.402256369	0.165897624	0.818749879	-4.964296438
H	IGLC2	-0.248054609	-4.495594056	-1.3861318	0.170743194	0.818749879	-4.984660107
H	A2M	-0.119087837	7.939631144	-1.384422071	0.171263289	0.818749879	-4.986806423
H	IGHD	-0.94469034	-1.343863175	-1.380378945	0.17249803	0.818749879	-4.991872129
H	ADIPOQ	-0.266094978	-2.912628904	-1.377082082	0.173509908	0.818749879	-4.995992579
H	CP	-0.107481072	5.678619022	-1.344536615	0.183743947	0.830933759	-5.036173128
H	CNDP1	-0.213508725	-0.911833087	-1.343626242	0.184036669	0.830933759	-5.037284123
H	C3	0.081235361	8.560299288	1.338842226	0.185580741	0.830933759	-5.043110807
H	VCL	0.280333725	-3.885215568	1.326721455	0.189536717	0.830933759	-5.057785933
H	PFN1	0.276690301	-4.22834809	1.325772503	0.189849104	0.830933759	-5.058929577
H	AZGP1	-0.150970185	2.593859735	-1.310388751	0.194967658	0.835057538	-5.077362209
H	SERPINA6	-0.140618225	0.165188512	-1.306370762	0.196321474	0.835057538	-5.082143182
H	IGLV1-47	-0.171613996	-0.143172613	-1.282261931	0.204593172	0.858154692	-5.11053954
H	FLNA	0.267466731	-4.224051779	1.271113689	0.208504808	0.862581533	-5.123501679
H	IGHV1-2	-0.354023993	0.470236493	-1.257382599	0.213398697	0.86962148	-5.139319954
H	IGFBP3	0.144263986	-1.172497972	1.250273457	0.215965599	0.86962148	-5.147445892
H	APOM	-0.108830006	2.168124138	-1.222257426	0.226303184	0.899257389	-5.179044112
H	ACTA1	0.203827537	-4.182403289	1.191019603	0.238250945	0.915592784	-5.213474666
H	PZP	-0.317911394	0.13693223	-1.178405224	0.243202844	0.915592784	-5.227138088
H	COLEC11	-0.200635033	-4.283666778	-1.154055767	0.252970167	0.915592784	-5.253120505
H	MBL2	-0.342258506	-3.98967042	-1.151075699	0.254184536	0.915592784	-5.256264898
H	IGHA2	-0.360942426	0.913893768	-1.142148347	0.257847266	0.915592784	-5.265638071
H	F11	0.171256194	-1.761017594	1.126762178	0.264247652	0.915592784	-5.281628988
H	CFP	-0.149422945	-2.437375907	-1.12206842	0.266222338	0.915592784	-5.286465962
H	SERPING1	-0.2226287	3.572388005	-1.116483077	0.268585648	0.915592784	-5.29219656
H	NCAM1	0.230326116	-2.471935339	1.111137898	0.270861128	0.915592784	-5.297655123
H	ABCF1	-0.147409519	-2.249778365	-1.102405274	0.274607726	0.915592784	-5.306519025
H	CFHR5	0.160147862	-2.894642964	1.090401588	0.27981668	0.915592784	-5.318593797
H	FN1	0.136441306	6.402024703	1.08726918	0.281187226	0.915592784	-5.321723903
H	TPM4	0.262277948	-4.153100189	1.082656263	0.283214038	0.915592784	-5.326317705
H	IGKV1-33	-0.166635544	-2.956999214	-1.081371571	0.283780305	0.915592784	-5.327593739
H	IGLV1-51	0.219059419	-1.650955141	1.079833905	0.284459109	0.915592784	-5.32911913
H	IGLV6-57	0.279124296	-3.333672622	1.068399722	0.28954205	0.915592784	-5.340396676
H	SCP2	0.211942662	-3.230469605	1.062475774	0.292199981	0.915592784	-5.34619413
H	C1RL	0.231402788	-1.133049773	1.061897084	0.292460522	0.915592784	-5.346758802
H	EFEMP1	0.273320562	-1.224576383	1.057744787	0.294334686	0.915592784	-5.350801849
H	C4B	-0.258390749	-0.730568994	-1.0509864	0.297402733	0.915592784	-5.357349854
H	C4BPA	-0.124102445	3.452367075	-1.048008029	0.298761729	0.915592784	-5.360222699
H	AFM	0.134690316	3.78163653	1.047819877	0.298847723	0.915592784	-5.360403921
H	F13B	-0.130703973	0.175771616	-1.043586545	0.300787023	0.915592784	-5.36447306
H	APOB	0.106929749	5.805094997	1.038396233	0.303176418	0.915592784	-5.36944043
H	CFD	0.161182618	-3.665912156	1.028150475	0.307930986	0.920744136	-5.379176098
H	ADGRF5	0.156085385	-1.811845337	1.015331118	0.313950686	0.929540267	-5.391226236
H	PRDX2	-0.187218315	-5.338178968	-0.996381782	0.322993284	0.936796254	-5.408771406
H	KLKB1	0.078632793	2.270901916	0.994348802	0.323973657	0.936796254	-5.41063479
H	HRG	0.093636692	3.806173083	0.981178517	0.330372883	0.936796254	-5.422617315
H	APOA2	-0.091812533	4.326244023	-0.97038625	0.335678751	0.936796254	-5.432321153
H	MASP2	0.136479326	-3.70327686	0.951198823	0.345250033	0.936796254	-5.449317008
H	LDHB	-0.224854821	-2.218730891	-0.937191012	0.352349075	0.936796254	-5.461517232
H	C1QC	0.078503419	1.923061184	0.917942997	0.362257096	0.936796254	-5.477995141
H	LUM	0.070349353	0.728350827	0.912429587	0.365127798	0.936796254	-5.482653939
H	MCAM	-0.140820173	-4.413277335	-0.902768043	0.370193336	0.936796254	-5.490752149
H	IGLV3-21	0.207213258	-0.060107435	0.900852005	0.371203204	0.936796254	-5.492348201
H	IGKV1D-16	0.096094964	-1.599616577	0.89800489	0.372707037	0.936796254	-5.49471375
H	MMRN1	-0.094937775	-3.339413664	-0.885576603	0.379316799	0.936796254	-5.504954646
H	IGF2	0.061981486	-3.066060692	0.868322015	0.388614998	0.936796254	-5.518942183
H	PSTK	-0.078567792	-5.725432545	-0.863961436	0.39098717	0.936796254	-5.5224347
H	IGKV1D-33	-0.133694252	-1.933136761	-0.861431559	0.392367554	0.936796254	-5.524453103
H	PCYOX1	0.15536353	-3.34371707	0.846792706	0.400414307	0.936796254	-5.536019117
H	PROC	0.082464508	-2.495447674	0.84275324	0.402652508	0.936796254	-5.539176638
H	SERPINF1	0.065640885	1.713910895	0.841506322	0.403344954	0.936796254	-5.54014834
H	HNRNPM	-0.150529579	-3.053689788	-0.837957578	0.405319661	0.936796254	-5.542906135
H	PLG	0.043773151	4.905778572	0.83390987	0.40757923	0.936796254	-5.546037805
H	HPX	0.04894874	6.584625705	0.809044169	0.421628163	0.936796254	-5.564951293
H	IGLV6-57	0.24962736	-3.775429229	0.809003724	0.421651249	0.936796254	-5.564981601
H	CLU	-0.041590124	3.308935011	-0.800047056	0.426782345	0.936796254	-5.571656916
H	CLU	-0.042753541	4.202057526	-0.79358193	0.430509159	0.936796254	-5.576430158
H	F2	0.043928236	4.928427293	0.791369017	0.431789223	0.936796254	-5.578055265
H	C4BPB	-0.061851527	-1.034191638	-0.778267333	0.439414087	0.936796254	-5.587585842
H	CAMP	0.124201521	-4.785597925	0.772271361	0.44292986	0.936796254	-5.591895558
H	ASS1	-0.193470995	-3.501610179	-0.770198046	0.444149385	0.936796254	-5.593378198
H	C1QA	0.057602691	2.10308455	0.769501522	0.444559521	0.936796254	-5.59387541
H	SAA1	-0.229765647	-1.287437981	-0.765314226	0.447029798	0.936796254	-5.596855219
H	SCLT1	0.087843723	-5.326063707	0.76292074	0.448445413	0.936796254	-5.598551344
H	C8G	0.062481294	1.540372411	0.761699629	0.449168635	0.936796254	-5.599414669
H	DBH	-0.183756048	-1.863132524	-0.758627468	0.450991168	0.936796254	-5.601580695
H	ITIH4	0.053296538	3.948309278	0.757706711	0.451538233	0.936796254	-5.602228203
H	FCGBP	0.135537294	-2.029866142	0.742456842	0.460654671	0.936796254	-5.612840331
H	IGKV2D-28	0.093348375	-4.826385241	0.742075012	0.460884276	0.936796254	-5.613103325
H	IGLV1-40	0.126874671	-3.830033459	0.737453393	0.463668581	0.936796254	-5.61627605
H	CST3	-0.090368036	-2.496932944	-0.736891205	0.464007926	0.936796254	-5.616660663
H	APOC2	0.122122904	2.113259501	0.736505658	0.46424073	0.936796254	-5.616924264
H	CDK5RAP2	0.124966741	-4.872445903	0.735020725	0.465137996	0.936796254	-5.617938257
H	TF	0.0421307	9.399921319	0.731192393	0.467455803	0.936796254	-5.620543187
H	CFI	0.057593214	1.943440045	0.727285723	0.469827788	0.936796254	-5.62318766
H	CDHR5	0.07885748	0.307436676	0.711482039	0.479492424	0.936796254	-5.63374342
H	PGLYRP2	0.052218704	1.69181375	0.711152138	0.47969535	0.936796254	-5.633961344
H	SAA4	-0.094163493	1.519129434	-0.711127132	0.479710734	0.936796254	-5.633977858
H	PIGR	0.14445946	-3.747281366	0.708769558	0.481162332	0.936796254	-5.635532269
H	C8B	-0.067735394	0.6839063	-0.693315896	0.490737827	0.936796254	-5.645595662
H	OLFM1	-0.092004781	-4.191696841	-0.691094279	0.492122978	0.936796254	-5.647024446
H	MSN	0.121456961	-3.943142609	0.687501064	0.494367845	0.936796254	-5.649325799
H	LGALS3BP	0.12208845	-1.641495668	0.682421075	0.497551129	0.936796254	-5.652559256
H	ITIH2	0.041456362	4.835406755	0.664487354	0.508877847	0.936796254	-5.663785522
H	SAA2	-0.177684789	-4.003180558	-0.662941454	0.509860661	0.936796254	-5.664739457
H	PROZ	-0.200903376	-2.401453436	-0.655468096	0.514626208	0.936796254	-5.669320222
H	NUP205	-0.094411554	-2.545399192	-0.654943326	0.514961728	0.936796254	-5.669639956
H	SERPINA7	0.077184977	-0.556630918	0.654552717	0.515211546	0.936796254	-5.669877784
H	CPN1	0.053637764	0.235108523	0.648855069	0.518862849	0.936796254	-5.673330991
H	IGKV3-15	-0.078693394	2.324424287	-0.639402155	0.524950769	0.936796254	-5.678994553
H	ATP5A1	-0.105646629	-4.623415438	-0.637211876	0.526366694	0.936796254	-5.680295134
H	APCS	0.076917241	-1.756736566	0.629295334	0.531501034	0.936796254	-5.68495926
H	FCN2	-0.093346827	-2.633529902	-0.626319774	0.533437564	0.936796254	-5.68669748
H	MYBPC2	0.061679006	-4.708526576	0.625674597	0.533857935	0.936796254	-5.687073299
H	IGHV1-46	0.086130349	-3.566686302	0.621733099	0.53642977	0.936796254	-5.689360943
H	THBS1	-0.195517799	-3.056545466	-0.612412091	0.542537058	0.936796254	-5.694714104
H	MTHFD1	0.158695487	-4.259294999	0.610424719	0.543843798	0.936796254	-5.695845154
H	APOA4	-0.063836931	4.92984226	-0.608884092	0.544857896	0.936796254	-5.696719457
H	HBB	-0.088841883	2.108953624	-0.608574375	0.545061879	0.936796254	-5.696894957
H	ATP11B	0.031917123	-1.442141489	0.607349632	0.545868891	0.936796254	-5.697588092
H	COMP	-0.056770223	-5.193229284	-0.607145819	0.546003247	0.936796254	-5.697703305
H	SELL	0.062459303	-4.097653904	0.601060418	0.550022538	0.936796254	-5.701125716
H	C1S	0.029701443	2.356405064	0.599862947	0.5508152	0.936796254	-5.701795163
H	IGHA1	-0.100731549	5.926418008	-0.598001016	0.552048842	0.936796254	-5.702833457
H	IGLV2-11	0.111327349	-4.307588347	0.597444478	0.552417853	0.936796254	-5.703143188
H	A1BG	0.040551754	5.121915382	0.591646183	0.556269746	0.936796254	-5.706353184
H	APOH	0.066404341	3.896654832	0.590940436	0.556739499	0.936796254	-5.706741782
H	AHSG	0.048639936	4.968823482	0.588734359	0.558209165	0.936796254	-5.707953537
H	CPN2	-0.057005997	0.935582815	-0.582089079	0.562647829	0.936796254	-5.711576601
H	ORM1	-0.06666696	6.090337895	-0.580763188	0.563535532	0.936796254	-5.712294625
H	B2M	-0.061926263	-4.700420608	-0.575659227	0.566959152	0.936796254	-5.715043526
H	CPB2	0.0373955	0.208149869	0.575523771	0.567050152	0.936796254	-5.715116154
H	CAPZB	-0.085658094	-4.36183154	-0.575241038	0.567240116	0.936796254	-5.715267693
H	SERPINA5	0.282733714	-3.106831445	0.567473535	0.572471164	0.936796254	-5.719402111
H	APOE	0.070680772	4.434197045	0.56448462	0.574490294	0.936796254	-5.720978218
H	SH3GL3	0.14436896	-2.280779536	0.556670727	0.579785144	0.936796254	-5.725059734
H	MST1	0.084685036	-2.914879669	0.554612992	0.581183398	0.936796254	-5.726125213
H	IGHV3-33	-0.109631374	-2.267193087	-0.542431043	0.589494106	0.936796254	-5.732352959
H	SERPINF2	0.028652933	3.713020424	0.54023746	0.590996548	0.936796254	-5.733459836
H	F7	0.134436352	-4.914098098	0.538584887	0.592129628	0.936796254	-5.734290789
H	IGKV1D-33	0.069308602	-3.994700058	0.531663739	0.596886151	0.936796254	-5.737743528
H	HABP2	0.071796016	-1.08447485	0.530692085	0.597555338	0.936796254	-5.738224716
H	IGLV1-44	0.094408984	-1.9306018	0.528776251	0.598875815	0.936796254	-5.739170933
H	IGKV1-39	-0.084975463	-4.822440929	-0.528076722	0.599358299	0.936796254	-5.739515581
H	KRT17	-0.140012928	-3.147817828	-0.520596329	0.604528966	0.936796254	-5.743172814
H	ATRN	-0.038655768	-1.892384514	-0.513459595	0.609481119	0.936796254	-5.746613854
H	IGFALS	-0.066418803	2.23677574	-0.509166919	0.612468664	0.936796254	-5.748660941
H	APOL1	0.045804287	1.967565396	0.505894483	0.614750606	0.936796254	-5.750210057
H	IGHV2-70	0.186115116	-2.97189367	0.505873328	0.61476537	0.936796254	-5.750220039
H	IGHV3-13	-0.085867231	-0.651948633	-0.501018247	0.618158007	0.936796254	-5.75250002
H	F5	-0.051320479	-0.256342265	-0.494751386	0.622549524	0.936796254	-5.75541076
H	ALB	0.030479558	11.15973675	0.493402108	0.623496845	0.936796254	-5.756032701
H	CRISP3	-0.077397977	-3.329948505	-0.485470173	0.629078681	0.940503771	-5.759654825
H	ORM2	0.054242615	2.881800779	0.479602994	0.633221557	0.941683712	-5.762296619
H	IGLL5	-0.064564649	2.786430131	-0.467393506	0.641880571	0.941683712	-5.767691985
H	FGG	-0.039067601	7.976754914	-0.457812502	0.648710651	0.941683712	-5.771829147
H	CD5L	0.067621589	-0.428798912	0.456529202	0.649627806	0.941683712	-5.772376829
H	IGKC	-0.046892025	6.209354858	-0.43654738	0.663978	0.941683712	-5.78070765
H	SERPINC1	-0.02589648	4.963960661	-0.433164885	0.666419916	0.941683712	-5.782081237
H	AMBP	0.025366457	3.305436546	0.426910102	0.670944955	0.941683712	-5.784593261
H	IGHV3-30	-0.093515198	-3.29131827	-0.423513846	0.673407132	0.941683712	-5.785942046
H	PPBP	-0.086106341	-1.395224324	-0.410323485	0.683003564	0.941683712	-5.791078907
H	ZNF10	0.069570014	-4.50030339	0.406831092	0.685553294	0.941683712	-5.792411938
H	HBA1	-0.054147921	2.039962355	-0.401175463	0.689690143	0.941683712	-5.794546638
H	LCAT	0.02632857	-0.716909526	0.400446981	0.690223692	0.941683712	-5.794819442
H	KNG1	0.026834815	3.348420832	0.400296698	0.69033378	0.941683712	-5.794875659
H	IGHG4	-0.163259148	1.541848235	-0.39784586	0.692130067	0.941683712	-5.795789491
H	VWF	-0.099554694	0.409477499	-0.39031441	0.697661151	0.941683712	-5.798562777
H	C6	0.041599179	1.877999388	0.387738698	0.699556552	0.941683712	-5.799499128
H	F12	0.054264239	1.708192641	0.385314289	0.701342368	0.941683712	-5.800374841
H	SELENOP	0.041604895	-0.433229303	0.376164151	0.708097512	0.941683712	-5.803630702
H	ILK	0.034572172	-3.521072702	0.372924636	0.71049479	0.941683712	-5.804764745
H	SERPINA10	-0.049656335	-2.084265787	-0.371151029	0.711808526	0.941683712	-5.80538149
H	IGHG3	-0.062893497	-0.11447525	-0.370321743	0.712423091	0.941683712	-5.805668857
H	TAGLN2	-0.062445999	-4.816949973	-0.366585786	0.715194092	0.941683712	-5.806955524
H	HGFAC	0.048308064	-1.422047709	0.363404634	0.717556625	0.941683712	-5.808040879
H	IGHV4-34	-0.057230315	-3.098005095	-0.362826342	0.717986401	0.941683712	-5.808237171
H	SLFN11	-0.04453947	-2.24402448	-0.359363892	0.72056154	0.941683712	-5.809405937
H	APOC3	0.048127236	4.71834893	0.357205969	0.722168106	0.941683712	-5.81012871
H	FRMPD1	-0.042724322	-5.112762598	-0.353966205	0.724582454	0.941683712	-5.811205697
H	IGLV7-43	0.05760037	0.34982379	0.353639982	0.72482572	0.941683712	-5.811313601
H	LYZ	-0.04109359	-4.0277836	-0.352001705	0.726047816	0.941683712	-5.811853993
H	IGHV3-7	-0.046577881	-0.537597476	-0.34806287	0.728988969	0.941683712	-5.813143008
H	SERPINA4	0.035221815	0.570376784	0.343503635	0.732398485	0.941683712	-5.814617019
H	IGHV3-30	-0.074009581	-3.484550445	-0.341445536	0.733939366	0.941683712	-5.815276067
H	CFHR4	-0.075093848	-4.154625764	-0.340663503	0.734525156	0.941683712	-5.815525457
H	C1R	0.024291153	1.990251756	0.335173833	0.738641687	0.941683712	-5.817260077
H	IGKV3-20	0.075194131	-4.248820633	0.330943549	0.741819097	0.941683712	-5.818577609
H	AGT	0.033654765	3.371701669	0.330541121	0.742121601	0.941683712	-5.818702078
H	C7	-0.038600778	0.655636355	-0.322361531	0.74827896	0.945524042	-5.821199283
H	GC	0.019074583	5.834274403	0.307273835	0.759679539	0.949946055	-5.825641941
H	GAPDH	-0.071161332	-3.797921902	-0.305585425	0.760958726	0.949946055	-5.826125902
H	CTTNBP2	0.075230888	-3.963873575	0.30378677	0.762322175	0.949946055	-5.826638539
H	TLN1	0.061260885	-3.373332033	0.297199313	0.767322141	0.949946055	-5.828490282
H	CA1	-0.051768845	-2.682675362	-0.295507226	0.76860807	0.949946055	-5.828959398
H	IGKV1D-33	0.061672656	-1.026984942	0.292820015	0.770651601	0.949946055	-5.829698916
H	GP5	0.047797304	-3.651111244	0.288630323	0.773840968	0.949999888	-5.830838477
H	MYH9	0.053493593	-2.196364368	0.267332757	0.790113025	0.953598952	-5.836378014
H	IGHG1	-0.02926296	6.338563262	-0.262396994	0.79389783	0.953598952	-5.837601394
H	CFHR1	-0.057049255	-2.854676701	-0.260731538	0.795176051	0.953598952	-5.838009063
H	MYH7	-0.049792906	-3.923190763	-0.259607597	0.796038982	0.953598952	-5.838282717
H	IGHV3-48	0.030363018	-1.905993033	0.259607515	0.796039046	0.953598952	-5.838282737
H	IGKV1D-33	0.038378551	-2.721253589	0.249403079	0.803885312	0.953598952	-5.840713316
H	IGF2R	-0.048288711	-4.260848754	-0.24147244	0.809997299	0.953598952	-5.842535147
H	IGKV3-20	-0.047057881	-4.326818678	-0.240037467	0.811104486	0.953598952	-5.842858514
H	IGLV3-19	0.029367561	0.974476783	0.236427208	0.813891774	0.953598952	-5.843663567
H	C8A	-0.022289574	1.947064643	-0.233596234	0.816079111	0.953598952	-5.844286329
H	FGA	-0.017247139	9.166351587	-0.231327852	0.817832824	0.953598952	-5.844779929
H	FBLN1	-0.02990596	-2.808137623	-0.230469868	0.818496386	0.953598952	-5.844965372
H	FERMT3	-0.037518508	-4.574640557	-0.228613344	0.819932671	0.953598952	-5.845364286
H	SERPINA1	0.014186525	7.84038634	0.224781017	0.822899474	0.953598952	-5.846177557
H	TTN	-0.031406757	-1.992736941	-0.223183656	0.824136842	0.953598952	-5.846512486
H	IGKV3-11	-0.033517817	2.482908628	-0.215213305	0.830317575	0.957083617	-5.848148047
H	FBLN1	0.015529184	0.087637085	0.202939192	0.83985667	0.961921745	-5.850550638
H	ACAA2	-0.027987361	-3.649590104	-0.201617607	0.840885234	0.961921745	-5.850800933
H	TFRC	-0.023556328	-2.348477399	-0.194978372	0.846056601	0.964185258	-5.852033626
H	INPP5E	0.024203689	-3.202681763	0.186876712	0.85237626	0.967735453	-5.853482009
H	FGB	-0.013064137	8.944808643	-0.18012408	0.857651066	0.970077236	-5.854642314
H	C2	-0.008830507	2.195889928	-0.158501467	0.874584234	0.980113138	-5.858070761
H	LYVE1	-0.024185882	-3.847253117	-0.158496776	0.874587915	0.980113138	-5.858071458
H	TTR	0.023483749	-0.028790241	0.156365758	0.87626009	0.980113138	-5.858385659
H	FAM3C	0.017709223	-5.282648358	0.141355729	0.888053827	0.985210404	-5.860478381
H	VASN	-0.015903531	-2.580902427	-0.139827028	0.889256437	0.985210404	-5.860679684
H	ENO1	-0.018578697	0.421687094	-0.138114326	0.890604107	0.985210404	-5.860902619
H	PI16	-0.018217566	-4.447655502	-0.114316164	0.90936189	0.994011012	-5.863716153
H	RYR2	0.014848717	-2.27263004	0.114264704	0.90940251	0.994011012	-5.863721662
H	GP1BA	-0.013479485	-3.791895928	-0.110837957	0.912108025	0.994011012	-5.864082952
H	ITIH1	-0.006161604	4.292617985	-0.105662574	0.916196109	0.994011012	-5.864607761
H	FAM161B	0.010389268	-4.854614755	0.103226808	0.918120937	0.994011012	-5.86484608
H	CETP	-0.011775359	-4.341957902	-0.099576281	0.921006628	0.994011012	-5.86519285
H	GPLD1	0.011396035	0.463098792	0.09654609	0.923402763	0.994011012	-5.865471214
H	F9	0.010371605	-1.413995392	0.09451487	0.925009359	0.994011012	-5.865652996
H	PF4	0.020961372	-2.456882834	0.089516201	0.928964383	0.994011012	-5.86608389
H	PTPRC	-0.013376605	-4.181585812	-0.086345669	0.931473896	0.994011012	-5.866345067
H	IGLV3-25	0.012012656	2.104726728	0.076295523	0.939433193	0.998617174	-5.867110737
H	IGKV2-30	0.014898526	-0.214107189	0.072217	0.94266503	0.998617174	-5.867394473
H	IGHM	0.020717266	0.230171423	0.066155147	0.947470236	0.998617174	-5.867787396
H	AFG3L2	-0.008177282	-4.486038832	-0.062111709	0.950676553	0.998617174	-5.86803035
H	IGKV3-20	0.007120908	0.917455791	0.049446488	0.96072472	0.998617174	-5.868692231
H	LCP1	-0.010893492	-2.954760244	-0.049338213	0.960810652	0.998617174	-5.868697242
H	IGLV3-21	0.013467287	-1.405592181	0.04038609	0.967916961	0.998617174	-5.869073521
H	TGFBI	-0.007255293	-2.330024464	-0.037849499	0.969931039	0.998617174	-5.869166489
H	LBP	0.004031144	-1.616452284	0.033860537	0.973098706	0.998617174	-5.869300494
H	IGHG2	0.005491798	5.18926728	0.028930802	0.977014044	0.998617174	-5.869445507
H	CD14	-0.005032878	-1.059467422	-0.02886089	0.977069574	0.998617174	-5.869447399
H	MAP4	-0.003443948	-0.384188921	-0.02793047	0.977808609	0.998617174	-5.869472153
H	APOC1	-0.003045153	1.401813558	-0.021348781	0.983036978	0.998617174	-5.869624098
H	CFB	-0.001076272	4.91750772	-0.015427039	0.987741742	0.998617174	-5.869726122
H	GPX3	0.001347534	0.018347401	0.013659472	0.989146149	0.998617174	-5.869750207
H	ARHGAP19	-0.001644391	-5.026992341	-0.012213543	0.990295026	0.998617174	-5.869767733
H	HBD	-0.000963091	-3.017670262	-0.006765644	0.994623874	0.998617174	-5.869816172
H	CLEC3B	-0.00044797	-0.988169315	-0.003934213	0.996873774	0.998617174	-5.869830365
H	RBP4	0.000177183	1.723489924	0.00174022	0.998617174	0.998617174	-5.869836198
