System Code	Identifier	logFC	AveExpr	t	P.Value	adj.P.Val	B
Ch	HMDB31923	-11419.3343	20772.1674	-4.286517314	6.87E-05	0.02217573	-4.595119197
Ch	HMDB00872	-105595.6073	214789.2928	-3.790934814	0.000357125	0.057675734	-4.59511932
Ch	HMDB00161	147423.8683	1015446.518	3.562412407	0.000738261	0.079486055	-4.595119376
Ch	HMDB11532	-14760.12081	56377.95161	-3.449903102	0.001046336	0.080219723	-4.595119403
Ch	HMDB00714	-296546.3516	681871.0519	-3.353508085	0.001403892	0.080219723	-4.595119426
Ch	HMDB00152	-36364.83496	62065.44194	-3.33376893	0.00149015	0.080219723	-4.59511943
Ch	HMDB00671	-84115.76138	400519.9293	-3.270565187	0.001801253	0.083114981	-4.595119445
Ch	HMDB02203	-50882.86349	170386.1852	-3.045240583	0.003481768	0.140576402	-4.595119498
Ch	HMDB00182	447917.6911	5191700.498	2.920233714	0.004959555	0.166520425	-4.595119526
Ch	HMDB00222	91572.63373	643314.553	2.860826169	0.005849517	0.166520425	-4.595119539
Ch	HMDB02320	-25064.84738	106796.2058	-2.857556826	0.005902542	0.166520425	-4.59511954
Ch	HMDB61116	-639443.2393	1078910.571	-2.840496863	0.006186517	0.166520425	-4.595119543
Ch	HMDB00289	4194058.242	36984349.68	2.738236962	0.008170071	0.202994845	-4.595119566
Ch	HMDB11621	-20996.03111	32287.89117	-2.710493359	0.008800998	0.203051601	-4.595119572
Ch	HMDB03073	142948.8006	424530.6369	2.553867219	0.013277898	0.275803916	-4.595119605
Ch	HMDB13324	171517.6128	670957.042	2.542785736	0.013662113	0.275803916	-4.595119607
Ch	HMDB11753	-12571.57782	92473.61358	-2.50936771	0.014882524	0.282767954	-4.595119614
Ch	HMDB00094	-2478730.281	30011678.72	-2.458975281	0.01690966	0.303434454	-4.595119624
Ch	HMDB0011635	-4972809.193	15462662.74	-2.360750096	0.021588457	0.336625257	-4.595119644
Ch	HMDB03374	195016.2225	2020690.096	2.359306187	0.021665117	0.336625257	-4.595119644
Ch	HMDB13164	155536.2593	262801.2958	2.354210435	0.021937604	0.336625257	-4.595119645
Ch	HMDB00430	-49086.48147	347658.102	-2.336152016	0.022928036	0.336625257	-4.595119649
Ch	HMDB00623	-58286.5769	124292.793	-2.247862118	0.028366112	0.385558931	-4.595119666
Ch	HMDB02329	-54248.87516	174355.1881	-2.243702816	0.028648342	0.385558931	-4.595119667
Ch	HMDB00148	12988.12511	62851.91295	2.191139167	0.032434578	0.419054745	-4.595119677
Ch	HMDB00782	-10572.57159	91736.83579	-2.104331558	0.039653592	0.480276279	-4.595119693
Ch	HMDB0000619	-249566.2578	346069.3406	-2.098917806	0.040146934	0.480276279	-4.595119694
Ch	HMDB00562	-6580988.594	80664064.8	-2.048183968	0.045035488	0.51951652	-4.595119703
Ch	HMDB00779	-11766.60201	62337.84155	-1.987781589	0.051519539	0.54914786	-4.595119714
Ch	HMDB11474	24885.99083	78465.21236	1.980665872	0.052333783	0.54914786	-4.595119715
Ch	HMDB11532	-5442.818255	15786.0278	-1.977456769	0.052704593	0.54914786	-4.595119715
Ch	HMDB12458	42671.08563	405042.3254	1.954013182	0.055482424	0.554777772	-4.59511972
Ch	HMDB01383	-8189.158474	43398.18163	-1.933879937	0.05796698	0.554777772	-4.595119723
Ch	HMDB06461	61466.80298	417422.2805	1.930465126	0.05839766	0.554777772	-4.595119724
Ch	HMDB60485	-45179.74386	117442.6439	-1.900456577	0.062300945	0.574948726	-4.595119729
Ch	HMDB00670	247792.4838	1448866.948	1.877422374	0.065445272	0.575905503	-4.595119733
Ch	HMDB00782	31153.45328	282950.6552	1.873665755	0.065970599	0.575905503	-4.595119733
Ch	HMDB00097	697332.9509	11635017.96	1.847117124	0.06978568	0.593178284	-4.595119738
Ch	HMDB00421	-51217.99533	139539.7815	-1.832358601	0.071985714	0.596189379	-4.59511974
Ch	HMDB00730	-377295.7734	982818.4984	-1.814700163	0.074694316	0.597597762	-4.595119743
Ch	HMDB60015	671734.8321	2135737.321	1.798095215	0.077318724	0.597597762	-4.595119746
Ch	HMDB03869	7175.581497	63378.46643	1.774674965	0.081150902	0.597597762	-4.595119749
Ch	HMDB60038	141311.9514	869097.0643	1.774221658	0.081226608	0.597597762	-4.59511975
Ch	HMDB11477	628982.6271	4573301.709	1.77087094	0.081788032	0.597597762	-4.59511975
Ch	HMDB00943	-212410.3688	2407129.241	-1.735472726	0.087918662	0.597597762	-4.595119756
Ch	HMDB29412	-460587.2364	785004.5613	-1.718655912	0.090961733	0.597597762	-4.595119758
Ch	HMDB01847	994317.5145	3818701.557	1.713757895	0.091864215	0.597597762	-4.595119759
Ch	HMDB0000518	138419.9714	482897.5623	1.711782128	0.092230342	0.597597762	-4.595119759
Ch	HMDB0000518	345167.0544	465038.7276	1.70358565	0.093762081	0.597597762	-4.595119761
Ch	HMDB00292	101096.2269	1043289.068	1.701629153	0.094130784	0.597597762	-4.595119761
Ch	HMDB00510	20973.63911	120313.3898	1.691932728	0.095975719	0.597597762	-4.595119762
Ch	HMDB06344	-174739.2653	846476.1065	-1.684005571	0.097505982	0.597597762	-4.595119764
Ch	HMDB00884	-93777.80343	1315278.483	-1.664952392	0.101265931	0.597597762	-4.595119767
Ch	HMDB05060	176610.247	1219216.118	1.653959572	0.103488608	0.597597762	-4.595119768
Ch	HMDB00269	22485.79736	264429.775	1.651993091	0.103890381	0.597597762	-4.595119769
Ch	HMDB02212	-40199.58348	190792.9322	-1.643938701	0.105549268	0.597597762	-4.59511977
Ch	HMDB00848	16731.15923	126970.5918	1.630722484	0.108317937	0.597597762	-4.595119772
Ch	HMDB00622	-18836.5804	202170.9034	-1.617780504	0.111086003	0.597597762	-4.595119774
Ch	HMDB00929	649800.7688	11944967.71	1.613805126	0.111947676	0.597597762	-4.595119774
Ch	HMDB00479	-118661.3932	447658.1045	-1.603014886	0.114313771	0.597597762	-4.595119776
Ch	HMDB11496	386918.779	2469983.755	1.602129203	0.114509764	0.597597762	-4.595119776
Ch	HMDB00517	1011988.385	17484937.45	1.592764517	0.11659872	0.597597762	-4.595119777
Ch	HMDB00421	-109961.1796	223199.6302	-1.589203274	0.117401132	0.597597762	-4.595119778
Ch	HMDB00673	524185.8335	3885609.033	1.582199801	0.118992105	0.597597762	-4.595119779
Ch	HMDB11531	-6613.072534	19336.67222	-1.569271367	0.121974549	0.597597762	-4.595119781
Ch	HMDB13622	57006.63047	376908.7081	1.568691289	0.122109759	0.597597762	-4.595119781
Ch	HMDB11484	29941.535	196372.2471	1.558598758	0.12448151	0.600112356	-4.595119782
Ch	HMDB00696	133694.7935	2073442.461	1.533630363	0.130507594	0.607591908	-4.595119786
Ch	HMDB00207	612050.3631	4673805.38	1.532833302	0.130703722	0.607591908	-4.595119786
Ch	HMDB00054	930608.2127	2428303.084	1.518659475	0.134230712	0.607591908	-4.595119788
Ch	HMDB02931	27501.69908	698513.3048	1.514499987	0.135279959	0.607591908	-4.595119789
Ch	HMDB31057	42067.42676	643841.6582	1.505388134	0.137601168	0.607591908	-4.59511979
Ch	HMDB10391	-36625.48734	243745.2669	-1.500230213	0.138929026	0.607591908	-4.595119791
Ch	HMDB00167	97334.44897	1720321.037	1.499180024	0.139200623	0.607591908	-4.595119791
Ch	HMDB61714	4369.180154	24218.42715	1.460118394	0.149603571	0.644292714	-4.595119796
Ch	HMDB33433	-334709.7654	678154.6109	-1.443934437	0.154088082	0.646624449	-4.595119798
Ch	HMDB13325	19929.6088	66194.49795	1.443587998	0.154185213	0.646624449	-4.595119798
Ch	HMDB00296	-1003132.43	16655944.09	-1.425602736	0.159293543	0.646624449	-4.595119801
Ch	HMDB10390	-11471.23533	76548.27459	-1.419909407	0.160937698	0.646624449	-4.595119802
Ch	HMDB03818	569236.7771	2422167.86	1.419249053	0.161129247	0.646624449	-4.595119802
Ch	HMDB00663	-39215.60075	229930.0001	-1.415717671	0.162156595	0.646624449	-4.595119802
Ch	HMDB00682	3560056.97	22695327.38	1.394611776	0.168402732	0.66081987	-4.595119805
Ch	HMDB11490	-14319.09655	135532.9332	-1.379104469	0.173108874	0.66081987	-4.595119807
Ch	HMDB02925	156145.1447	1587458.567	1.378469434	0.173303722	0.66081987	-4.595119807
Ch	HMDB11152	-17730.21364	132975.0206	-1.370936666	0.175627848	0.66081987	-4.595119808
Ch	HMDB02366	-2601.37144	10982.99271	-1.369911937	0.175945848	0.66081987	-4.595119808
Ch	HMDB10407	-95676.37484	1218864.88	-1.349172148	0.182476964	0.671283984	-4.595119811
Ch	HMDB02038	555856.8875	2205279.465	1.347884311	0.182888516	0.671283984	-4.595119811
Ch	HMDB60061	-14985.51772	151049.7129	-1.33974868	0.18550473	0.67294682	-4.595119812
Ch	HMDB0000243	704294.6829	5682328.823	1.33357654	0.187508402	0.67294682	-4.595119813
Ch	HMDB00156	-90258.24412	1297653.116	-1.318174047	0.192579961	0.683553049	-4.595119815
Ch	HMDB02994	-109079.5722	167536.541	-1.305216531	0.196925994	0.69138148	-4.595119816
Ch	HMDB04136	-109079.5722	167536.541	-1.305216531	0.196925994	0.69138148	-4.595119816
Ch	HMDB00824	366899.6257	2099216.466	1.295264653	0.200313625	0.693174509	-4.595119818
Ch	HMDB00791	1927661.91	4862097.912	1.291144589	0.201728804	0.693174509	-4.595119818
Ch	HMDB00888	-3368.566657	11718.41252	-1.268771992	0.209544193	0.70070442	-4.595119821
Ch	HMDB00725	17374.96042	170675.1913	1.255830203	0.214166643	0.70070442	-4.595119822
Ch	HMDB02829	-17391.34469	93361.65222	-1.253876866	0.214870824	0.70070442	-4.595119823
Ch	HMDB01539	90970.34662	2596276.425	1.250250814	0.216182557	0.70070442	-4.595119823
Ch	HMDB00792	-3437.460654	12523.11172	-1.24899826	0.216637043	0.70070442	-4.595119823
Ch	HMDB13331	84963.24504	340942.6377	1.240650129	0.219684167	0.70070442	-4.595119824
Ch	HMDB29159	-145476.2301	1794339.39	-1.236602752	0.221172795	0.70070442	-4.595119825
Ch	HMDB06695	-27152.31061	304574.2774	-1.236325389	0.22127508	0.70070442	-4.595119825
Ch	HMDB01032	756708.4052	4015907.465	1.227013091	0.224729454	0.704734113	-4.595119826
Ch	HMDB13205	178644.0826	591771.677	1.216648211	0.228620573	0.709526146	-4.595119827
Ch	HMDB00064	89201.72345	650232.2067	1.205227027	0.232964975	0.709526146	-4.595119828
Ch	HMDB12088	279033.0435	3218588.186	1.202563738	0.233986622	0.709526146	-4.595119829
Ch	HMDB06322	9113.693473	66188.09619	1.19738629	0.23598202	0.709526146	-4.595119829
Ch	HMDB10401	-34484.89787	219100.6854	-1.194136102	0.237240941	0.709526146	-4.59511983
Ch	HMDB02000	35485.35902	228031.4663	1.179551608	0.242949995	0.713311591	-4.595119831
Ch	HMDB00715	-2103.635966	18329.50918	-1.177498266	0.243761661	0.713311591	-4.595119831
Ch	HMDB05066	52144.19909	317261.4612	1.169062814	0.247116607	0.713311591	-4.595119832
Ch	HMDB61112	-2069261.004	7175989.715	-1.168503457	0.247340242	0.713311591	-4.595119833
Ch	HMDB01931	14391.38494	50639.46615	1.140996929	0.258517354	0.735309921	-4.595119836
Ch	HMDB10383	648048.6768	5882375.851	1.13497318	0.261012286	0.735309921	-4.595119836
Ch	HMDB59724	-1830465.729	3191715.35	-1.125206312	0.265093764	0.735309921	-4.595119837
Ch	HMDB02759	1398562.692	7819695.369	1.124438264	0.265416626	0.735309921	-4.595119837
Ch	HMDB01032	2618839.798	16687513.19	1.122220046	0.266350653	0.735309921	-4.595119838
Ch	HMDB02013	-29352.24328	276014.895	-1.08571157	0.282057249	0.763642271	-4.595119841
Ch	HMDB61690	66532.88304	651104.4588	1.072370906	0.287954336	0.763642271	-4.595119843
Ch	HMDB00305	54641.56738	760101.2928	1.067322784	0.290207893	0.763642271	-4.595119843
Ch	HMDB00774	37654.03135	198157.0006	1.063637649	0.291860662	0.763642271	-4.595119844
Ch	HMDB00001	-129199.9955	1912130.961	-1.059630072	0.293665396	0.763642271	-4.595119844
Ch	HMDB05065	34965.6579	577595.0461	1.058673966	0.294097093	0.763642271	-4.595119844
Ch	HMDB00656	-23858.83852	208739.292	-1.055185346	0.295675956	0.763642271	-4.595119845
Ch	HMDB12342	-6207.82689	26935.99688	-1.054707844	0.295892514	0.763642271	-4.595119845
Ch	HMDB03869	8132.113971	159590.9858	1.050311631	0.297891412	0.763642271	-4.595119845
Ch	HMDB00705	49507.10594	108705.1808	1.044209449	0.300681298	0.764724875	-4.595119846
Ch	HMDB00637	796283.3969	2748728.037	1.035467519	0.304709093	0.767778111	-4.595119847
Ch	HMDB11749	60967.20056	265107.1539	1.031313528	0.30663584	0.767778111	-4.595119847
Ch	HMDB00070	-204012.7801	1454206.591	-1.025876217	0.309170317	0.768169325	-4.595119848
Ch	HMDB11149	-25376.82828	208545.1427	-1.009153682	0.317053935	0.770992558	-4.595119849
Ch	HMDB01325	-148071.1643	1036108.176	-1.005391741	0.318845929	0.770992558	-4.59511985
Ch	HMDB02014	121873.4446	611998.8972	0.999787355	0.321528159	0.770992558	-4.59511985
Ch	HMDB03229	1040561.646	10702815.24	0.998859612	0.321973626	0.770992558	-4.59511985
Ch	HMDB00197	-50425.70789	420063.0143	-0.988281241	0.327082164	0.770992558	-4.595119851
Ch	HMDB31057	26475.67684	439410.6617	0.988105751	0.327167365	0.770992558	-4.595119851
Ch	HMDB00329	-10898.0357	69815.83598	-0.980439346	0.330903859	0.770992558	-4.595119852
Ch	HMDB00672	-4056.507623	64261.08162	-0.974277252	0.333927623	0.770992558	-4.595119853
Ch	HMDB13122	-42541.61468	673426.8715	-0.969267685	0.336399267	0.770992558	-4.595119853
Ch	HMDB00267	1631776.801	6963662.009	0.968485799	0.336786124	0.770992558	-4.595119853
Ch	HMDB04207	11795.69816	282251.1332	0.966537489	0.337751375	0.770992558	-4.595119853
Ch	HMDB29006	5115.985524	71262.06823	0.964122643	0.338950289	0.770992558	-4.595119854
Ch	HMDB00407	-98559.67369	738494.0048	-0.931208221	0.355570318	0.785074077	-4.595119857
Ch	HMDB02823	4976.706234	52369.03311	0.929204638	0.356598779	0.785074077	-4.595119857
Ch	HMDB00300	-3042.179837	86880.19592	-0.926215057	0.358136935	0.785074077	-4.595119857
Ch	HMDB61115	-1394355.061	2621663.107	-0.917542216	0.362623345	0.785074077	-4.595119858
Ch	HMDB00172	246763.076	5575696.502	0.917264246	0.362767731	0.785074077	-4.595119858
Ch	HMDB00687	246763.076	5575696.502	0.917264246	0.362767731	0.785074077	-4.595119858
Ch	HMDB00764	-22855.24093	84867.43717	-0.913052092	0.364960182	0.785074077	-4.595119858
Ch	HMDB02183	29892.45141	201766.3402	0.904827338	0.369265631	0.785074077	-4.595119859
Ch	HMDB00168	-4358.339963	129253.5249	-0.902613727	0.370429912	0.785074077	-4.595119859
Ch	HMDB10318	206095.8682	182685.2467	0.901772318	0.370873075	0.785074077	-4.595119859
Ch	HMDB61693	-4067.105948	27022.9539	-0.899957113	0.371830279	0.785074077	-4.595119859
Ch	HMDB0000746	-12585.22688	158492.3732	-0.894791823	0.374562657	0.785074077	-4.59511986
Ch	HMDB10351	6242.527035	64678.17963	0.89022294	0.376990128	0.785074077	-4.59511986
Ch	HMDB00123	-2366.488165	61607.62623	-0.886731827	0.378851666	0.785074077	-4.595119861
Ch	HMDB02000	245736.4809	1043341.098	0.881938861	0.381416816	0.785074077	-4.595119861
Ch	HMDB00301	12733.30957	167093.596	0.877142857	0.383994508	0.785074077	-4.595119861
Ch	HMDB00791	318870.4601	745682.5637	0.87257087	0.386461956	0.785074077	-4.595119862
Ch	HMDB00462	-872017.1213	1528246.154	-0.872444409	0.386530346	0.785074077	-4.595119862
Ch	HMDB10379	351196.9499	4268869.744	0.867511023	0.38920424	0.785074077	-4.595119862
Ch	HMDB00529	56581.99748	165913.1986	0.856126229	0.395418723	0.785074077	-4.595119863
Ch	HMDB00755	-45766.63378	858903.1782	-0.852942995	0.397167263	0.785074077	-4.595119863
Ch	HMDB29377	-308636.8192	1702466.522	-0.851534588	0.397942421	0.785074077	-4.595119864
Ch	HMDB12096	-41403.55695	332816.0262	-0.85031672	0.398613463	0.785074077	-4.595119864
Ch	HMDB04666	3926.853293	16875.18504	0.83948674	0.404611453	0.787746862	-4.595119865
Ch	HMDB13326	79578.60662	504975.683	0.837640436	0.405639494	0.787746862	-4.595119865
Ch	HMDB00529	21340.4692	188550.5826	0.834687436	0.407287077	0.787746862	-4.595119865
Ch	HMDB02759	93825.20983	775755.5392	0.822218193	0.414289125	0.791518725	-4.595119866
Ch	HMDB00574	23497.24738	594852.6518	0.818749418	0.416249914	0.791518725	-4.595119866
Ch	HMDB00024	-51654.10336	212875.3413	-0.818150904	0.416588803	0.791518725	-4.595119866
Ch	HMDB02231	91500.88832	1040582.328	0.811520066	0.420354451	0.794002852	-4.595119867
Ch	HMDB02250	89218.98311	447862.8718	0.803911441	0.424700559	0.797548142	-4.595119867
Ch	HMDB13240	-10386.26036	78872.66527	-0.785122037	0.435547953	0.799858939	-4.595119869
Ch	HMDB11553	2922.333955	25299.81616	0.779897946	0.438592784	0.799858939	-4.595119869
Ch	HMDB03331	14071.5081	531899.9303	0.77607206	0.440830619	0.799858939	-4.59511987
Ch	HMDB00177	-23861.60653	1226337.488	-0.767259578	0.446010676	0.799858939	-4.59511987
Ch	HMDB11494	17588.21094	259172.4341	0.761303473	0.44953178	0.799858939	-4.595119871
Ch	HMDB00637	115447.6194	369779.5057	0.760066244	0.450265223	0.799858939	-4.595119871
Ch	HMDB60484	22696.11363	37921.95332	0.759619216	0.450530397	0.799858939	-4.595119871
Ch	HMDB01563	2312.702018	56185.47682	0.758763378	0.451038327	0.799858939	-4.595119871
Ch	HMDB10382	3187406.418	102883850.1	0.75723919	0.451943739	0.799858939	-4.595119871
Ch	HMDB01008	126583.3972	1276779.87	0.754719181	0.453443007	0.799858939	-4.595119871
Ch	HMDB00784	5135.589469	118928.9746	0.754256198	0.453718769	0.799858939	-4.595119871
Ch	HMDB00874	290561.8691	831927.5526	0.748767812	0.456995151	0.799858939	-4.595119872
Ch	HMDB00904	-45879.66447	1090872.541	-0.740772442	0.461792431	0.799858939	-4.595119872
Ch	HMDB04827	-2072801.747	10549250.03	-0.738063256	0.463424482	0.799858939	-4.595119872
Ch	HMDB06528	193340.2577	2448193.416	0.737203881	0.46394287	0.799858939	-4.595119872
Ch	HMDB0001889	278562.6334	3073212.265	0.727546651	0.469790975	0.799858939	-4.595119873
Ch	HMDB00651	495183.4567	1648468.356	0.72224659	0.4730182	0.799858939	-4.595119874
Ch	HMDB00086	-256364.7878	1185231.152	-0.720210438	0.47426134	0.799858939	-4.595119874
Ch	HMDB00158	165302.542	4899020.657	0.718815494	0.475114063	0.799858939	-4.595119874
Ch	HMDB10393	207841.7644	3865798.052	0.715450994	0.477174313	0.799858939	-4.595119874
Ch	HMDB02302	3034527.028	4395583.384	0.714211972	0.477934289	0.799858939	-4.595119874
Ch	HMDB06695	-7519.563228	128365.5789	-0.708862851	0.481223047	0.801211568	-4.595119874
Ch	HMDB11487	162764.9247	3704877.41	0.699747933	0.486856103	0.802225896	-4.595119875
Ch	HMDB06246	2531.601104	37424.17802	0.696277928	0.489010148	0.802225896	-4.595119875
Ch	HMDB00772	2835.545425	43208.15477	0.695838527	0.489283286	0.802225896	-4.595119875
Ch	HMDB00190	735890.2198	23780146.53	0.689448256	0.493265084	0.80325072	-4.595119876
Ch	HMDB33592	40268.71061	133996.4023	0.679323507	0.49961013	0.80325072	-4.595119877
Ch	HMDB00707	-6617.341527	63069.00637	-0.677315871	0.50087355	0.80325072	-4.595119877
Ch	HMDB02226	63656.59879	1033602.788	0.677292885	0.500888025	0.80325072	-4.595119877
Ch	HMDB10357	29315.95369	549152.5418	0.674985008	0.502342556	0.80325072	-4.595119877
Ch	HMDB00162	68864.18473	994250.0425	0.668532106	0.506421603	0.805784126	-4.595119877
Ch	HMDB10384	1137868.481	29427006.91	0.662849425	0.510028517	0.807148654	-4.595119878
Ch	HMDB00251	-61267.76216	2429154.709	-0.653929711	0.515717729	0.807148654	-4.595119878
Ch	HMDB00883	121933.056	3766753.36	0.653724571	0.515848969	0.807148654	-4.595119878
Ch	HMDB00788	3865.211391	102302.7059	0.651497595	0.517274834	0.807148654	-4.595119878
Ch	HMDB00206	-2427.209144	96600.42971	-0.642920322	0.522786097	0.809676458	-4.595119879
Ch	HMDB00157	-227821.0261	4419357.38	-0.641179683	0.523908296	0.809676458	-4.595119879
Ch	HMDB29377	-175160.5782	1563966.387	-0.621468944	0.536703751	0.824853997	-4.59511988
Ch	HMDB11532	-1264.503275	22907.61293	-0.611344672	0.543338175	0.824853997	-4.595119881
Ch	HMDB10325	7617.99201	316698.6835	0.609123469	0.544799311	0.824853997	-4.595119881
Ch	HMDB11534	1922.706611	21267.85294	0.607811991	0.545662957	0.824853997	-4.595119881
Ch	HMDB33724	-6954.919277	122073.0092	-0.606545413	0.546497695	0.824853997	-4.595119881
Ch	HMDB00043	-1170967.093	42849878.27	-0.6024307	0.549213968	0.825098194	-4.595119881
Ch	HMDB13034	796.0742738	11562.55723	0.577379877	0.565896895	0.842825307	-4.595119883
Ch	HMDB00792	1785.468733	23040.5968	0.575567688	0.567113364	0.842825307	-4.595119883
Ch	HMDB00187	-7728.924766	290381.7643	-0.572490985	0.569181603	0.842825307	-4.595119883
Ch	HMDB00039	-3606.82444	104976.8444	-0.567459526	0.572571819	0.842825307	-4.595119883
Ch	HMDB01873	-3606.82444	104976.8444	-0.567459526	0.572571819	0.842825307	-4.595119883
Ch	HMDB04824	1073.566138	21958.73144	0.565254629	0.574060581	0.842825307	-4.595119884
Ch	HMDB10395	-650787.9113	16170110.27	-0.559893037	0.577688591	0.844314095	-4.595119884
Ch	HMDB03072	183360.385	1606099.887	0.549121329	0.585010727	0.851164255	-4.595119884
Ch	HMDB11131	-103129.0539	2586970.687	-0.541533407	0.590195087	0.854856561	-4.595119885
Ch	HMDB00772	-1560.064106	31020.80135	-0.532598355	0.59632754	0.859883015	-4.595119885
Ch	HMDB00806	65566.19793	1634500.713	0.526578967	0.60047558	0.860949714	-4.595119886
Ch	HMDB11482	23260.3779	582521.2439	0.52379545	0.602398252	0.860949714	-4.595119886
Ch	HMDB41623	-899.2730389	18222.68352	-0.519777572	0.605178547	0.861113086	-4.595119886
Ch	HMDB00159	-158288.9576	6614955.604	-0.49850788	0.61999401	0.878265249	-4.595119887
Ch	HMDB00277	-15432.69274	601867.975	-0.493100396	0.62378631	0.878265249	-4.595119887
Ch	HMDB04193	27123.56161	453526.2698	0.490817908	0.625390115	0.878265249	-4.595119887
Ch	HMDB02639	-45084.91467	533325.6768	-0.486657834	0.628317898	0.878557061	-4.595119888
Ch	HMDB04666	5367.936142	69705.09962	0.47654878	0.635457434	0.87929425	-4.595119888
Ch	HMDB00114	7725.476683	443265.9167	0.475891683	0.635922725	0.87929425	-4.595119888
Ch	HMDB00036	8689.778798	54353.7264	0.474354285	0.637011933	0.87929425	-4.595119888
Ch	HMDB00872	4351.775291	97108.78831	0.466416604	0.642648351	0.883299648	-4.595119889
Ch	HMDB00603	1319.971535	23883.04146	0.45918764	0.647799959	0.884073103	-4.595119889
Ch	HMDB12108	-79341.47412	2439219.973	-0.457947861	0.648685218	0.884073103	-4.595119889
Ch	HMDB01015	-2757.65531	130083.99	-0.450265968	0.654181759	0.887818101	-4.595119889
Ch	HMDB28783	-42921.96062	1338485.639	-0.443311249	0.659174649	0.887876232	-4.59511989
Ch	HMDB29014	-42921.96062	1338485.639	-0.443311249	0.659174649	0.887876232	-4.59511989
Ch	HMDB11559	3129.642671	51972.29661	0.442113614	0.66003603	0.887876232	-4.59511989
Ch	HMDB0000491	215670.0605	8754608.815	0.435221101	0.66500233	0.887876232	-4.59511989
Ch	HMDB02007	3444.772353	53620.14601	0.434336207	0.665641027	0.887876232	-4.59511989
Ch	HMDB00210	-28600.18008	518930.6094	-0.43096337	0.668077746	0.887876232	-4.59511989
Ch	HMDB00907	17049.5718	235125.6878	0.42053584	0.675633784	0.887876232	-4.595119891
Ch	HMDB12104	-197238.6212	7030581.859	-0.420399532	0.675732781	0.887876232	-4.595119891
Ch	HMDB04702	-5126.450428	161557.6787	-0.419735217	0.676215335	0.887876232	-4.595119891
Ch	HMDB00641	-6310.988008	506458.2817	-0.405810956	0.686360976	0.897548969	-4.595119891
Ch	HMDB00017	-4736.121714	45604.80611	-0.383796708	0.70251954	0.911095855	-4.595119892
Ch	HMDB11481	3149.443109	135360.2586	0.382367173	0.703573708	0.911095855	-4.595119892
Ch	HMDB11542	-1353.933309	18994.00544	-0.373198775	0.710348491	0.911095855	-4.595119893
Ch	HMDB10381	44488.66363	1732281.462	0.371304235	0.711751373	0.911095855	-4.595119893
Ch	HMDB11475	-35019.15794	1215212.302	-0.361225915	0.719230967	0.911095855	-4.595119893
Ch	HMDB00512	550.0762531	9790.596352	0.360097943	0.720069823	0.911095855	-4.595119893
Ch	HMDB0000248	3877.3721	191125.0835	0.35893617	0.720934177	0.911095855	-4.595119893
Ch	HMDB13124	124512.0603	762570.58	0.35783704	0.721752263	0.911095855	-4.595119893
Ch	HMDB00949	1169.703597	158948.6131	0.357360665	0.722106931	0.911095855	-4.595119893
Ch	HMDB11171	-962.3663889	33397.95875	-0.351715314	0.72631463	0.91283901	-4.595119893
Ch	HMDB10398	2054.37497	24427.33699	0.342837929	0.732948412	0.913130349	-4.595119894
Ch	HMDB00387	1139.26464	39632.44733	0.34103728	0.734296498	0.913130349	-4.595119894
Ch	HMDB01999	-100785.166	1932586.209	-0.340061309	0.735027526	0.913130349	-4.595119894
Ch	HMDB06547	10207.55216	269008.7333	0.325962264	0.745615256	0.918543463	-4.595119894
Ch	HMDB00139	22698.98937	942400.8846	0.325345995	0.746079188	0.918543463	-4.595119894
Ch	HMDB12881	8023.490057	230643.6595	0.31878312	0.751025606	0.918543463	-4.595119894
Ch	HMDB00669	-9621.604555	91622.01634	-0.317250937	0.752181928	0.918543463	-4.595119894
Ch	HMDB04193	6634.308434	150536.4591	0.315367964	0.75360377	0.918543463	-4.595119895
Ch	HMDB11473	-34212.64846	1116301.294	-0.302924268	0.763021409	0.926525996	-4.595119895
Ch	HMDB13302	-561.1831417	18563.764	-0.297676792	0.767003708	0.927448352	-4.595119895
Ch	HMDB00650	3869.645145	178495.3617	0.284755217	0.776836608	0.927448352	-4.595119895
Ch	HMDB00709	-40156.62837	2542773.674	-0.284699504	0.776879084	0.927448352	-4.595119895
Ch	HMDB11756	-413.5656757	12369.94445	-0.282137415	0.778833204	0.927448352	-4.595119896
Ch	HMDB61684	-413.5656757	12369.94445	-0.282137415	0.778833204	0.927448352	-4.595119896
Ch	HMDB00625	52641.5458	1817566.058	0.278777604	0.781397925	0.927448352	-4.595119896
Ch	HMDB11483	4046.812823	88503.13879	0.277095378	0.782682976	0.927448352	-4.595119896
Ch	HMDB00897	651.7182066	61498.74643	0.272573512	0.78614023	0.927448352	-4.595119896
Ch	HMDB00138	42324.84012	464609.7223	0.271774141	0.786751853	0.927448352	-4.595119896
Ch	HMDB00387	4247.280239	156814.4842	0.262334336	0.793984639	0.931573026	-4.595119896
Ch	HMDB11536	1182.008167	25111.65916	0.259683444	0.796019056	0.931573026	-4.595119896
Ch	HMDB00036	29487.22016	215118.6876	0.249463757	0.803875319	0.93737086	-4.595119896
Ch	HMDB00078	-16971.12155	1177043.787	-0.234770829	0.81520584	0.944471802	-4.595119897
Ch	HMDB02639	-13248.60609	218703.7084	-0.233984835	0.815813105	0.944471802	-4.595119897
Ch	HMDB00782	903.6302572	41858.38641	0.230049658	0.818855151	0.944607906	-4.595119897
Ch	HMDB01860	-63145.19378	1674057.626	-0.21472718	0.830726285	0.954702795	-4.595119897
Ch	HMDB01008	-3267.607859	78024.93643	-0.211131883	0.833517611	0.954702795	-4.595119897
Ch	HMDB00205	2742.107541	168679.1171	0.19989572	0.842254898	0.958812017	-4.595119898
Ch	HMDB10392	-6867.897256	414861.0115	-0.195260249	0.845865339	0.958812017	-4.595119898
Ch	HMDB37844	-2688.36578	113956.7408	-0.194862808	0.846175051	0.958812017	-4.595119898
Ch	HMDB04400	-62524.10962	2032769.979	-0.191265945	0.848979062	0.958812017	-4.595119898
Ch	HMDB00430	-913.6473881	53309.72722	-0.186431213	0.852751162	0.958961925	-4.595119898
Ch	HMDB10404	81854.40006	4513647.169	0.17089454	0.86489599	0.958961925	-4.595119898
Ch	HMDB11171	-664.3245123	54787.23429	-0.168730217	0.866590485	0.958961925	-4.595119898
Ch	HMDB10357	-13993.54207	235101.8481	-0.167998855	0.867163226	0.958961925	-4.595119898
Ch	HMDB11493	1072.81472	48721.30827	0.167889216	0.867249093	0.958961925	-4.595119898
Ch	HMDB29159	-19159.64676	2943735.532	-0.166758059	0.868135079	0.958961925	-4.595119898
Ch	HMDB00192	-65039.2342	5083456.672	-0.161411385	0.872325173	0.958961925	-4.595119898
Ch	HMDB10386	-619973.3404	61529589.88	-0.159569837	0.873769219	0.958961925	-4.595119898
Ch	HMDB61677	-5197.896359	123116.7576	-0.152090508	0.879638503	0.958961925	-4.595119898
Ch	HMDB01043	6009.505524	328483.4524	0.146122087	0.884327016	0.958961925	-4.595119898
Ch	HMDB11531	-291.8898009	18168.71194	-0.14581976	0.884564622	0.958961925	-4.595119898
Ch	HMDB10397	75209.88641	4521086.674	0.144622201	0.885505916	0.958961925	-4.595119898
Ch	HMDB01868	9521.616987	293588.3846	0.141821696	0.887707789	0.958961925	-4.595119898
Ch	HMDB12097	-89020.1697	7455825.941	-0.129359248	0.897516824	0.963905355	-4.595119899
Ch	HMDB61677	187636.6545	2704936.565	0.128425594	0.898252358	0.963905355	-4.595119899
Ch	HMDB02203	2436.493467	215494.5428	0.116664575	0.907525176	0.970631231	-4.595119899
Ch	HMDB02829	-3003.358019	191730.3481	-0.09682659	0.923194837	0.976155159	-4.595119899
Ch	HMDB12107	-56623.4478	8827325.603	-0.096262674	0.923640741	0.976155159	-4.595119899
Ch	HMDB10738	-2441.757709	162631.2308	-0.094775495	0.924816813	0.976155159	-4.595119899
Ch	HMDB00062	2408.316829	585089.6074	0.093685317	0.92567904	0.976155159	-4.595119899
Ch	HMDB00019	-46410.40074	13028284.93	-0.091003195	0.927800724	0.976155159	-4.595119899
Ch	HMDB04400	-22918.74538	1586440.511	-0.085846471	0.9318814	0.977265235	-4.595119899
Ch	HMDB11129	6432.045131	840792.3442	0.069630745	0.944724873	0.986857922	-4.595119899
Ch	HMDB00672	-965.7689656	141908.5779	-0.06461524	0.948700492	0.986857922	-4.595119899
Ch	HMDB11558	1421.724837	134920.897	0.057967444	0.953971974	0.986857922	-4.595119899
Ch	HMDB03099	10105.4575	1069288.342	0.056779117	0.954914502	0.986857922	-4.595119899
Ch	HMDB10408	-671.3713581	159582.6401	-0.053589318	0.957444826	0.986857922	-4.595119899
Ch	HMDB13464	53702.18384	14962213.57	0.04516012	0.964133377	0.986857922	-4.595119899
Ch	HMDB11686	-634.9839833	48638.36972	-0.043479935	0.965466926	0.986857922	-4.595119899
Ch	HMDB11558	558.9797478	62046.77074	0.043474917	0.965470908	0.986857922	-4.595119899
Ch	HMDB11531	64.43543839	14990.91304	0.03941641	0.968692513	0.987027387	-4.595119899
Ch	HMDB0000518	2307.891768	539671.4722	0.026521006	0.978931979	0.992127116	-4.595119899
Ch	HMDB11539	-193.8399892	63611.9664	-0.023814032	0.981081936	0.992127116	-4.595119899
Ch	HMDB11550	71.63860567	30466.27766	0.016220133	0.987113928	0.992127116	-4.595119899
Ch	HMDB00594	34.53875487	34756.48492	0.016109527	0.987201791	0.992127116	-4.595119899
Ch	HMDB00767	-1655.269134	3687435.503	-0.01377602	0.989055515	0.992127116	-4.595119899
Ch	HMDB0000895	-1005.614272	1835176.067	-0.008737896	0.993057965	0.993057965	-4.5951199
H	PLTP	-0.458492095	-1.778074625	-3.710228402	0.000449205	0.105102815	-0.102568709
H	APOC4	0.62396065	-2.633397611	3.57283003	0.000696045	0.105102815	-0.481344708
H	APOD	-0.292288547	3.185308932	-3.305850994	0.001588031	0.14269693	-1.19129016
H	PRG4	0.469836969	-2.620474914	3.24795346	0.001890026	0.14269693	-1.340440309
H	CFH	0.213652654	5.312181514	3.115393954	0.002796795	0.168926438	-1.675111008
H	SERPIND1	0.197878295	3.288411159	2.957841966	0.0044003	0.221481782	-2.060042042
H	HP	0.388566877	7.029935502	2.716173956	0.008576347	0.298496012	-2.621791465
H	BCHE	0.282616788	-1.239926492	2.685794437	0.009303838	0.298496012	-2.689839978
H	F10	0.270514966	0.349085501	2.613475708	0.011267978	0.298496012	-2.849444401
H	PRG4	0.474751353	-2.06018738	2.600477098	0.011658652	0.298496012	-2.877771663
H	APOA1	-0.300608273	8.373270513	-2.5972723	0.011756845	0.298496012	-2.884738729
H	APOF	-0.268810958	-1.13015018	-2.565133975	0.012783916	0.298496012	-2.954232241
H	LRG1	-0.245286637	3.073571496	-2.543644821	0.013515353	0.298496012	-3.00031783
H	VTN	0.189583632	4.864597355	2.534510983	0.013837563	0.298496012	-3.01981325
H	SHBG	-0.522259366	-1.226961452	-2.364925848	0.021224001	0.427309884	-3.371522211
H	NPHP3	0.346620542	-3.674916332	2.273512665	0.026520963	0.500583168	-3.552844016
H	IL1RAP	-0.301883994	-4.773590219	-2.178407608	0.033242593	0.560178265	-3.735162254
H	BTD	0.185816047	-2.235763401	2.176543084	0.033388108	0.560178265	-3.738671131
H	C1QB	0.163770865	0.756305079	2.123307891	0.037785045	0.600583349	-3.837781099
H	PCOLCE	0.169790175	-5.198482424	2.086071105	0.041153111	0.608429732	-3.905863864
H	C4A	-0.401751569	-4.390255101	-2.07391127	0.042308028	0.608429732	-3.927873382
H	LPA	-1.074177613	-0.398896083	-2.0077233	0.049099125	0.608712028	-4.045731446
H	GSN	-0.165977771	3.052075161	-2.000911385	0.049848572	0.608712028	-4.057673633
H	KNG1	0.311470495	-4.891850992	1.991998133	0.050844035	0.608712028	-4.073246583
H	MASP1	0.257895411	-2.239017322	1.991973205	0.050846843	0.608712028	-4.073290052
H	PON1	-0.191781136	3.513542264	-1.978312628	0.052405671	0.608712028	-4.097039925
H	INHBC	0.186973506	-5.528533332	1.960668224	0.054479544	0.609363784	-4.127505457
H	FCN3	0.256166782	0.349937419	1.916314169	0.06000477	0.615641171	-4.203035447
H	C5	0.096933745	3.561036741	1.883744819	0.064359004	0.615641171	-4.257531397
H	IGHV1-69	0.485969288	-4.449222612	1.879468602	0.064950078	0.615641171	-4.264625398
H	IL1RAP	-0.212074788	-4.872510052	-1.875014239	0.065570649	0.615641171	-4.271999817
H	PROS1	0.139683132	1.989634471	1.849966567	0.06915421	0.615641171	-4.313179564
H	TYMP	0.401840677	-3.555226531	1.846581827	0.069650881	0.615641171	-4.318706685
H	MGP	0.203458759	-5.172595095	1.835269936	0.071332589	0.615641171	-4.337113393
H	CFHR2	-0.406287323	-2.625437577	-1.835159712	0.071349142	0.615641171	-4.337292257
H	ACTBL2	0.32020974	-3.722519016	1.786333697	0.079005456	0.662767988	-4.415583513
H	COL6A3	-0.262926929	-4.962612947	-1.745790435	0.085872556	0.700905729	-4.479160182
H	JCHAIN	0.245618957	3.046628054	1.700040369	0.094207557	0.748702161	-4.549326747
H	F13A1	-0.199115714	-0.206441499	-1.6642551	0.10118083	0.76435934	-4.603037701
H	IGHV4-39	0.230237663	-2.266070919	1.65370898	0.10331448	0.76435934	-4.618669165
H	IGKV3-20	-0.268426448	-5.299189627	-1.646432893	0.104807809	0.76435934	-4.629401216
H	FETUB	0.188053512	0.077527844	1.630116699	0.108220376	0.76435934	-4.653310847
H	PON3	-0.186830278	-0.947936138	-1.612390253	0.112029454	0.76435934	-4.679041351
H	ATRN	0.116075549	-1.363484344	1.609599255	0.112638944	0.76435934	-4.683069209
H	IGHV3-7	0.225611947	2.228420387	1.597402685	0.11533389	0.76435934	-4.700596097
H	DSP	-0.232251776	-4.353606973	-1.592527254	0.116425595	0.76435934	-4.707568197
H	HPR	-0.254308221	1.722107934	-1.574612046	0.120508777	0.765466179	-4.733020383
H	C9	-0.155708901	2.064697701	-1.56963412	0.121663499	0.765466179	-4.740045737
H	IGKV1-16	0.374168118	-2.686069693	1.533762598	0.130248721	0.800580943	-4.790067548
H	IGHV3-33	0.313246253	-4.237583287	1.523858088	0.132702209	0.800580943	-4.803691788
H	DYNC1H1	-0.178103504	-2.839628364	-1.513932967	0.135197444	0.800580943	-4.817262823
H	CEP290	0.266459109	-5.015586794	1.496935257	0.139556892	0.810503488	-4.840314499
H	IGHV3-53	0.25725551	-1.510300105	1.484261163	0.142879028	0.814140875	-4.857346174
H	ECM1	-0.132497333	0.916877494	-1.460484848	0.149278708	0.818749879	-4.888935607
H	IGHM	0.279694643	4.898180453	1.454205151	0.151005852	0.818749879	-4.897199944
H	IGHV3-23	0.182852714	-0.738293908	1.426326806	0.158862381	0.818749879	-4.93348959
H	SERPINA3	-0.084349715	5.015704779	-1.416146002	0.16180925	0.818749879	-4.946579216
H	MAN2B2	0.213648829	-2.732161448	1.409969576	0.16361754	0.818749879	-4.954477784
H	IGKV3-20	0.208143891	-4.262164429	1.407377224	0.164381144	0.818749879	-4.957783363
H	ITIH3	-0.140297437	0.640293216	-1.402256369	0.165897624	0.818749879	-4.964296438
H	IGLC2	-0.248054609	-4.495594056	-1.3861318	0.170743194	0.818749879	-4.984660107
H	A2M	-0.119087837	7.939631144	-1.384422071	0.171263289	0.818749879	-4.986806423
H	IGHD	-0.94469034	-1.343863175	-1.380378945	0.17249803	0.818749879	-4.991872129
H	ADIPOQ	-0.266094978	-2.912628904	-1.377082082	0.173509908	0.818749879	-4.995992579
H	CP	-0.107481072	5.678619022	-1.344536615	0.183743947	0.830933759	-5.036173128
H	CNDP1	-0.213508725	-0.911833087	-1.343626242	0.184036669	0.830933759	-5.037284123
H	C3	0.081235361	8.560299288	1.338842226	0.185580741	0.830933759	-5.043110807
H	VCL	0.280333725	-3.885215568	1.326721455	0.189536717	0.830933759	-5.057785933
H	PFN1	0.276690301	-4.22834809	1.325772503	0.189849104	0.830933759	-5.058929577
H	AZGP1	-0.150970185	2.593859735	-1.310388751	0.194967658	0.835057538	-5.077362209
H	SERPINA6	-0.140618225	0.165188512	-1.306370762	0.196321474	0.835057538	-5.082143182
H	IGLV1-47	-0.171613996	-0.143172613	-1.282261931	0.204593172	0.858154692	-5.11053954
H	FLNA	0.267466731	-4.224051779	1.271113689	0.208504808	0.862581533	-5.123501679
H	IGHV1-2	-0.354023993	0.470236493	-1.257382599	0.213398697	0.86962148	-5.139319954
H	IGFBP3	0.144263986	-1.172497972	1.250273457	0.215965599	0.86962148	-5.147445892
H	APOM	-0.108830006	2.168124138	-1.222257426	0.226303184	0.899257389	-5.179044112
H	ACTA1	0.203827537	-4.182403289	1.191019603	0.238250945	0.915592784	-5.213474666
H	PZP	-0.317911394	0.13693223	-1.178405224	0.243202844	0.915592784	-5.227138088
H	COLEC11	-0.200635033	-4.283666778	-1.154055767	0.252970167	0.915592784	-5.253120505
H	MBL2	-0.342258506	-3.98967042	-1.151075699	0.254184536	0.915592784	-5.256264898
H	IGHA2	-0.360942426	0.913893768	-1.142148347	0.257847266	0.915592784	-5.265638071
H	F11	0.171256194	-1.761017594	1.126762178	0.264247652	0.915592784	-5.281628988
H	CFP	-0.149422945	-2.437375907	-1.12206842	0.266222338	0.915592784	-5.286465962
H	SERPING1	-0.2226287	3.572388005	-1.116483077	0.268585648	0.915592784	-5.29219656
H	NCAM1	0.230326116	-2.471935339	1.111137898	0.270861128	0.915592784	-5.297655123
H	ABCF1	-0.147409519	-2.249778365	-1.102405274	0.274607726	0.915592784	-5.306519025
H	CFHR5	0.160147862	-2.894642964	1.090401588	0.27981668	0.915592784	-5.318593797
H	FN1	0.136441306	6.402024703	1.08726918	0.281187226	0.915592784	-5.321723903
H	TPM4	0.262277948	-4.153100189	1.082656263	0.283214038	0.915592784	-5.326317705
H	IGKV1-33	-0.166635544	-2.956999214	-1.081371571	0.283780305	0.915592784	-5.327593739
H	IGLV1-51	0.219059419	-1.650955141	1.079833905	0.284459109	0.915592784	-5.32911913
H	IGLV6-57	0.279124296	-3.333672622	1.068399722	0.28954205	0.915592784	-5.340396676
H	SCP2	0.211942662	-3.230469605	1.062475774	0.292199981	0.915592784	-5.34619413
H	C1RL	0.231402788	-1.133049773	1.061897084	0.292460522	0.915592784	-5.346758802
H	EFEMP1	0.273320562	-1.224576383	1.057744787	0.294334686	0.915592784	-5.350801849
H	C4B	-0.258390749	-0.730568994	-1.0509864	0.297402733	0.915592784	-5.357349854
H	C4BPA	-0.124102445	3.452367075	-1.048008029	0.298761729	0.915592784	-5.360222699
H	AFM	0.134690316	3.78163653	1.047819877	0.298847723	0.915592784	-5.360403921
H	F13B	-0.130703973	0.175771616	-1.043586545	0.300787023	0.915592784	-5.36447306
H	APOB	0.106929749	5.805094997	1.038396233	0.303176418	0.915592784	-5.36944043
H	CFD	0.161182618	-3.665912156	1.028150475	0.307930986	0.920744136	-5.379176098
H	ADGRF5	0.156085385	-1.811845337	1.015331118	0.313950686	0.929540267	-5.391226236
H	PRDX2	-0.187218315	-5.338178968	-0.996381782	0.322993284	0.936796254	-5.408771406
H	KLKB1	0.078632793	2.270901916	0.994348802	0.323973657	0.936796254	-5.41063479
H	HRG	0.093636692	3.806173083	0.981178517	0.330372883	0.936796254	-5.422617315
H	APOA2	-0.091812533	4.326244023	-0.97038625	0.335678751	0.936796254	-5.432321153
H	MASP2	0.136479326	-3.70327686	0.951198823	0.345250033	0.936796254	-5.449317008
H	LDHB	-0.224854821	-2.218730891	-0.937191012	0.352349075	0.936796254	-5.461517232
H	C1QC	0.078503419	1.923061184	0.917942997	0.362257096	0.936796254	-5.477995141
H	LUM	0.070349353	0.728350827	0.912429587	0.365127798	0.936796254	-5.482653939
H	MCAM	-0.140820173	-4.413277335	-0.902768043	0.370193336	0.936796254	-5.490752149
H	IGLV3-21	0.207213258	-0.060107435	0.900852005	0.371203204	0.936796254	-5.492348201
H	IGKV1D-16	0.096094964	-1.599616577	0.89800489	0.372707037	0.936796254	-5.49471375
H	MMRN1	-0.094937775	-3.339413664	-0.885576603	0.379316799	0.936796254	-5.504954646
H	IGF2	0.061981486	-3.066060692	0.868322015	0.388614998	0.936796254	-5.518942183
H	PSTK	-0.078567792	-5.725432545	-0.863961436	0.39098717	0.936796254	-5.5224347
H	IGKV1D-33	-0.133694252	-1.933136761	-0.861431559	0.392367554	0.936796254	-5.524453103
H	PCYOX1	0.15536353	-3.34371707	0.846792706	0.400414307	0.936796254	-5.536019117
H	PROC	0.082464508	-2.495447674	0.84275324	0.402652508	0.936796254	-5.539176638
H	SERPINF1	0.065640885	1.713910895	0.841506322	0.403344954	0.936796254	-5.54014834
H	HNRNPM	-0.150529579	-3.053689788	-0.837957578	0.405319661	0.936796254	-5.542906135
H	PLG	0.043773151	4.905778572	0.83390987	0.40757923	0.936796254	-5.546037805
H	HPX	0.04894874	6.584625705	0.809044169	0.421628163	0.936796254	-5.564951293
H	IGLV6-57	0.24962736	-3.775429229	0.809003724	0.421651249	0.936796254	-5.564981601
H	CLU	-0.041590124	3.308935011	-0.800047056	0.426782345	0.936796254	-5.571656916
H	CLU	-0.042753541	4.202057526	-0.79358193	0.430509159	0.936796254	-5.576430158
H	F2	0.043928236	4.928427293	0.791369017	0.431789223	0.936796254	-5.578055265
H	C4BPB	-0.061851527	-1.034191638	-0.778267333	0.439414087	0.936796254	-5.587585842
H	CAMP	0.124201521	-4.785597925	0.772271361	0.44292986	0.936796254	-5.591895558
H	ASS1	-0.193470995	-3.501610179	-0.770198046	0.444149385	0.936796254	-5.593378198
H	C1QA	0.057602691	2.10308455	0.769501522	0.444559521	0.936796254	-5.59387541
H	SAA1	-0.229765647	-1.287437981	-0.765314226	0.447029798	0.936796254	-5.596855219
H	SCLT1	0.087843723	-5.326063707	0.76292074	0.448445413	0.936796254	-5.598551344
H	C8G	0.062481294	1.540372411	0.761699629	0.449168635	0.936796254	-5.599414669
H	DBH	-0.183756048	-1.863132524	-0.758627468	0.450991168	0.936796254	-5.601580695
H	ITIH4	0.053296538	3.948309278	0.757706711	0.451538233	0.936796254	-5.602228203
H	FCGBP	0.135537294	-2.029866142	0.742456842	0.460654671	0.936796254	-5.612840331
H	IGKV2D-28	0.093348375	-4.826385241	0.742075012	0.460884276	0.936796254	-5.613103325
H	IGLV1-40	0.126874671	-3.830033459	0.737453393	0.463668581	0.936796254	-5.61627605
H	CST3	-0.090368036	-2.496932944	-0.736891205	0.464007926	0.936796254	-5.616660663
H	APOC2	0.122122904	2.113259501	0.736505658	0.46424073	0.936796254	-5.616924264
H	CDK5RAP2	0.124966741	-4.872445903	0.735020725	0.465137996	0.936796254	-5.617938257
H	TF	0.0421307	9.399921319	0.731192393	0.467455803	0.936796254	-5.620543187
H	CFI	0.057593214	1.943440045	0.727285723	0.469827788	0.936796254	-5.62318766
H	CDHR5	0.07885748	0.307436676	0.711482039	0.479492424	0.936796254	-5.63374342
H	PGLYRP2	0.052218704	1.69181375	0.711152138	0.47969535	0.936796254	-5.633961344
H	SAA4	-0.094163493	1.519129434	-0.711127132	0.479710734	0.936796254	-5.633977858
H	PIGR	0.14445946	-3.747281366	0.708769558	0.481162332	0.936796254	-5.635532269
H	C8B	-0.067735394	0.6839063	-0.693315896	0.490737827	0.936796254	-5.645595662
H	OLFM1	-0.092004781	-4.191696841	-0.691094279	0.492122978	0.936796254	-5.647024446
H	MSN	0.121456961	-3.943142609	0.687501064	0.494367845	0.936796254	-5.649325799
H	LGALS3BP	0.12208845	-1.641495668	0.682421075	0.497551129	0.936796254	-5.652559256
H	ITIH2	0.041456362	4.835406755	0.664487354	0.508877847	0.936796254	-5.663785522
H	SAA2	-0.177684789	-4.003180558	-0.662941454	0.509860661	0.936796254	-5.664739457
H	PROZ	-0.200903376	-2.401453436	-0.655468096	0.514626208	0.936796254	-5.669320222
H	NUP205	-0.094411554	-2.545399192	-0.654943326	0.514961728	0.936796254	-5.669639956
H	SERPINA7	0.077184977	-0.556630918	0.654552717	0.515211546	0.936796254	-5.669877784
H	CPN1	0.053637764	0.235108523	0.648855069	0.518862849	0.936796254	-5.673330991
H	IGKV3-15	-0.078693394	2.324424287	-0.639402155	0.524950769	0.936796254	-5.678994553
H	ATP5A1	-0.105646629	-4.623415438	-0.637211876	0.526366694	0.936796254	-5.680295134
H	APCS	0.076917241	-1.756736566	0.629295334	0.531501034	0.936796254	-5.68495926
H	FCN2	-0.093346827	-2.633529902	-0.626319774	0.533437564	0.936796254	-5.68669748
H	MYBPC2	0.061679006	-4.708526576	0.625674597	0.533857935	0.936796254	-5.687073299
H	IGHV1-46	0.086130349	-3.566686302	0.621733099	0.53642977	0.936796254	-5.689360943
H	THBS1	-0.195517799	-3.056545466	-0.612412091	0.542537058	0.936796254	-5.694714104
H	MTHFD1	0.158695487	-4.259294999	0.610424719	0.543843798	0.936796254	-5.695845154
H	APOA4	-0.063836931	4.92984226	-0.608884092	0.544857896	0.936796254	-5.696719457
H	HBB	-0.088841883	2.108953624	-0.608574375	0.545061879	0.936796254	-5.696894957
H	ATP11B	0.031917123	-1.442141489	0.607349632	0.545868891	0.936796254	-5.697588092
H	COMP	-0.056770223	-5.193229284	-0.607145819	0.546003247	0.936796254	-5.697703305
H	SELL	0.062459303	-4.097653904	0.601060418	0.550022538	0.936796254	-5.701125716
H	C1S	0.029701443	2.356405064	0.599862947	0.5508152	0.936796254	-5.701795163
H	IGHA1	-0.100731549	5.926418008	-0.598001016	0.552048842	0.936796254	-5.702833457
H	IGLV2-11	0.111327349	-4.307588347	0.597444478	0.552417853	0.936796254	-5.703143188
H	A1BG	0.040551754	5.121915382	0.591646183	0.556269746	0.936796254	-5.706353184
H	APOH	0.066404341	3.896654832	0.590940436	0.556739499	0.936796254	-5.706741782
H	AHSG	0.048639936	4.968823482	0.588734359	0.558209165	0.936796254	-5.707953537
H	CPN2	-0.057005997	0.935582815	-0.582089079	0.562647829	0.936796254	-5.711576601
H	ORM1	-0.06666696	6.090337895	-0.580763188	0.563535532	0.936796254	-5.712294625
H	B2M	-0.061926263	-4.700420608	-0.575659227	0.566959152	0.936796254	-5.715043526
H	CPB2	0.0373955	0.208149869	0.575523771	0.567050152	0.936796254	-5.715116154
H	CAPZB	-0.085658094	-4.36183154	-0.575241038	0.567240116	0.936796254	-5.715267693
H	SERPINA5	0.282733714	-3.106831445	0.567473535	0.572471164	0.936796254	-5.719402111
H	APOE	0.070680772	4.434197045	0.56448462	0.574490294	0.936796254	-5.720978218
H	SH3GL3	0.14436896	-2.280779536	0.556670727	0.579785144	0.936796254	-5.725059734
H	MST1	0.084685036	-2.914879669	0.554612992	0.581183398	0.936796254	-5.726125213
H	IGHV3-33	-0.109631374	-2.267193087	-0.542431043	0.589494106	0.936796254	-5.732352959
H	SERPINF2	0.028652933	3.713020424	0.54023746	0.590996548	0.936796254	-5.733459836
H	F7	0.134436352	-4.914098098	0.538584887	0.592129628	0.936796254	-5.734290789
H	IGKV1D-33	0.069308602	-3.994700058	0.531663739	0.596886151	0.936796254	-5.737743528
H	HABP2	0.071796016	-1.08447485	0.530692085	0.597555338	0.936796254	-5.738224716
H	IGLV1-44	0.094408984	-1.9306018	0.528776251	0.598875815	0.936796254	-5.739170933
H	IGKV1-39	-0.084975463	-4.822440929	-0.528076722	0.599358299	0.936796254	-5.739515581
H	KRT17	-0.140012928	-3.147817828	-0.520596329	0.604528966	0.936796254	-5.743172814
H	ATRN	-0.038655768	-1.892384514	-0.513459595	0.609481119	0.936796254	-5.746613854
H	IGFALS	-0.066418803	2.23677574	-0.509166919	0.612468664	0.936796254	-5.748660941
H	APOL1	0.045804287	1.967565396	0.505894483	0.614750606	0.936796254	-5.750210057
H	IGHV2-70	0.186115116	-2.97189367	0.505873328	0.61476537	0.936796254	-5.750220039
H	IGHV3-13	-0.085867231	-0.651948633	-0.501018247	0.618158007	0.936796254	-5.75250002
H	F5	-0.051320479	-0.256342265	-0.494751386	0.622549524	0.936796254	-5.75541076
H	ALB	0.030479558	11.15973675	0.493402108	0.623496845	0.936796254	-5.756032701
H	CRISP3	-0.077397977	-3.329948505	-0.485470173	0.629078681	0.940503771	-5.759654825
H	ORM2	0.054242615	2.881800779	0.479602994	0.633221557	0.941683712	-5.762296619
H	IGLL5	-0.064564649	2.786430131	-0.467393506	0.641880571	0.941683712	-5.767691985
H	FGG	-0.039067601	7.976754914	-0.457812502	0.648710651	0.941683712	-5.771829147
H	CD5L	0.067621589	-0.428798912	0.456529202	0.649627806	0.941683712	-5.772376829
H	IGKC	-0.046892025	6.209354858	-0.43654738	0.663978	0.941683712	-5.78070765
H	SERPINC1	-0.02589648	4.963960661	-0.433164885	0.666419916	0.941683712	-5.782081237
H	AMBP	0.025366457	3.305436546	0.426910102	0.670944955	0.941683712	-5.784593261
H	IGHV3-30	-0.093515198	-3.29131827	-0.423513846	0.673407132	0.941683712	-5.785942046
H	PPBP	-0.086106341	-1.395224324	-0.410323485	0.683003564	0.941683712	-5.791078907
H	ZNF10	0.069570014	-4.50030339	0.406831092	0.685553294	0.941683712	-5.792411938
H	HBA1	-0.054147921	2.039962355	-0.401175463	0.689690143	0.941683712	-5.794546638
H	LCAT	0.02632857	-0.716909526	0.400446981	0.690223692	0.941683712	-5.794819442
H	KNG1	0.026834815	3.348420832	0.400296698	0.69033378	0.941683712	-5.794875659
H	IGHG4	-0.163259148	1.541848235	-0.39784586	0.692130067	0.941683712	-5.795789491
H	VWF	-0.099554694	0.409477499	-0.39031441	0.697661151	0.941683712	-5.798562777
H	C6	0.041599179	1.877999388	0.387738698	0.699556552	0.941683712	-5.799499128
H	F12	0.054264239	1.708192641	0.385314289	0.701342368	0.941683712	-5.800374841
H	SELENOP	0.041604895	-0.433229303	0.376164151	0.708097512	0.941683712	-5.803630702
H	ILK	0.034572172	-3.521072702	0.372924636	0.71049479	0.941683712	-5.804764745
H	SERPINA10	-0.049656335	-2.084265787	-0.371151029	0.711808526	0.941683712	-5.80538149
H	IGHG3	-0.062893497	-0.11447525	-0.370321743	0.712423091	0.941683712	-5.805668857
H	TAGLN2	-0.062445999	-4.816949973	-0.366585786	0.715194092	0.941683712	-5.806955524
H	HGFAC	0.048308064	-1.422047709	0.363404634	0.717556625	0.941683712	-5.808040879
H	IGHV4-34	-0.057230315	-3.098005095	-0.362826342	0.717986401	0.941683712	-5.808237171
H	SLFN11	-0.04453947	-2.24402448	-0.359363892	0.72056154	0.941683712	-5.809405937
H	APOC3	0.048127236	4.71834893	0.357205969	0.722168106	0.941683712	-5.81012871
H	FRMPD1	-0.042724322	-5.112762598	-0.353966205	0.724582454	0.941683712	-5.811205697
H	IGLV7-43	0.05760037	0.34982379	0.353639982	0.72482572	0.941683712	-5.811313601
H	LYZ	-0.04109359	-4.0277836	-0.352001705	0.726047816	0.941683712	-5.811853993
H	IGHV3-7	-0.046577881	-0.537597476	-0.34806287	0.728988969	0.941683712	-5.813143008
H	SERPINA4	0.035221815	0.570376784	0.343503635	0.732398485	0.941683712	-5.814617019
H	IGHV3-30	-0.074009581	-3.484550445	-0.341445536	0.733939366	0.941683712	-5.815276067
H	CFHR4	-0.075093848	-4.154625764	-0.340663503	0.734525156	0.941683712	-5.815525457
H	C1R	0.024291153	1.990251756	0.335173833	0.738641687	0.941683712	-5.817260077
H	IGKV3-20	0.075194131	-4.248820633	0.330943549	0.741819097	0.941683712	-5.818577609
H	AGT	0.033654765	3.371701669	0.330541121	0.742121601	0.941683712	-5.818702078
H	C7	-0.038600778	0.655636355	-0.322361531	0.74827896	0.945524042	-5.821199283
H	GC	0.019074583	5.834274403	0.307273835	0.759679539	0.949946055	-5.825641941
H	GAPDH	-0.071161332	-3.797921902	-0.305585425	0.760958726	0.949946055	-5.826125902
H	CTTNBP2	0.075230888	-3.963873575	0.30378677	0.762322175	0.949946055	-5.826638539
H	TLN1	0.061260885	-3.373332033	0.297199313	0.767322141	0.949946055	-5.828490282
H	CA1	-0.051768845	-2.682675362	-0.295507226	0.76860807	0.949946055	-5.828959398
H	IGKV1D-33	0.061672656	-1.026984942	0.292820015	0.770651601	0.949946055	-5.829698916
H	GP5	0.047797304	-3.651111244	0.288630323	0.773840968	0.949999888	-5.830838477
H	MYH9	0.053493593	-2.196364368	0.267332757	0.790113025	0.953598952	-5.836378014
H	IGHG1	-0.02926296	6.338563262	-0.262396994	0.79389783	0.953598952	-5.837601394
H	CFHR1	-0.057049255	-2.854676701	-0.260731538	0.795176051	0.953598952	-5.838009063
H	MYH7	-0.049792906	-3.923190763	-0.259607597	0.796038982	0.953598952	-5.838282717
H	IGHV3-48	0.030363018	-1.905993033	0.259607515	0.796039046	0.953598952	-5.838282737
H	IGKV1D-33	0.038378551	-2.721253589	0.249403079	0.803885312	0.953598952	-5.840713316
H	IGF2R	-0.048288711	-4.260848754	-0.24147244	0.809997299	0.953598952	-5.842535147
H	IGKV3-20	-0.047057881	-4.326818678	-0.240037467	0.811104486	0.953598952	-5.842858514
H	IGLV3-19	0.029367561	0.974476783	0.236427208	0.813891774	0.953598952	-5.843663567
H	C8A	-0.022289574	1.947064643	-0.233596234	0.816079111	0.953598952	-5.844286329
H	FGA	-0.017247139	9.166351587	-0.231327852	0.817832824	0.953598952	-5.844779929
H	FBLN1	-0.02990596	-2.808137623	-0.230469868	0.818496386	0.953598952	-5.844965372
H	FERMT3	-0.037518508	-4.574640557	-0.228613344	0.819932671	0.953598952	-5.845364286
H	SERPINA1	0.014186525	7.84038634	0.224781017	0.822899474	0.953598952	-5.846177557
H	TTN	-0.031406757	-1.992736941	-0.223183656	0.824136842	0.953598952	-5.846512486
H	IGKV3-11	-0.033517817	2.482908628	-0.215213305	0.830317575	0.957083617	-5.848148047
H	FBLN1	0.015529184	0.087637085	0.202939192	0.83985667	0.961921745	-5.850550638
H	ACAA2	-0.027987361	-3.649590104	-0.201617607	0.840885234	0.961921745	-5.850800933
H	TFRC	-0.023556328	-2.348477399	-0.194978372	0.846056601	0.964185258	-5.852033626
H	INPP5E	0.024203689	-3.202681763	0.186876712	0.85237626	0.967735453	-5.853482009
H	FGB	-0.013064137	8.944808643	-0.18012408	0.857651066	0.970077236	-5.854642314
H	C2	-0.008830507	2.195889928	-0.158501467	0.874584234	0.980113138	-5.858070761
H	LYVE1	-0.024185882	-3.847253117	-0.158496776	0.874587915	0.980113138	-5.858071458
H	TTR	0.023483749	-0.028790241	0.156365758	0.87626009	0.980113138	-5.858385659
H	FAM3C	0.017709223	-5.282648358	0.141355729	0.888053827	0.985210404	-5.860478381
H	VASN	-0.015903531	-2.580902427	-0.139827028	0.889256437	0.985210404	-5.860679684
H	ENO1	-0.018578697	0.421687094	-0.138114326	0.890604107	0.985210404	-5.860902619
H	PI16	-0.018217566	-4.447655502	-0.114316164	0.90936189	0.994011012	-5.863716153
H	RYR2	0.014848717	-2.27263004	0.114264704	0.90940251	0.994011012	-5.863721662
H	GP1BA	-0.013479485	-3.791895928	-0.110837957	0.912108025	0.994011012	-5.864082952
H	ITIH1	-0.006161604	4.292617985	-0.105662574	0.916196109	0.994011012	-5.864607761
H	FAM161B	0.010389268	-4.854614755	0.103226808	0.918120937	0.994011012	-5.86484608
H	CETP	-0.011775359	-4.341957902	-0.099576281	0.921006628	0.994011012	-5.86519285
H	GPLD1	0.011396035	0.463098792	0.09654609	0.923402763	0.994011012	-5.865471214
H	F9	0.010371605	-1.413995392	0.09451487	0.925009359	0.994011012	-5.865652996
H	PF4	0.020961372	-2.456882834	0.089516201	0.928964383	0.994011012	-5.86608389
H	PTPRC	-0.013376605	-4.181585812	-0.086345669	0.931473896	0.994011012	-5.866345067
H	IGLV3-25	0.012012656	2.104726728	0.076295523	0.939433193	0.998617174	-5.867110737
H	IGKV2-30	0.014898526	-0.214107189	0.072217	0.94266503	0.998617174	-5.867394473
H	IGHM	0.020717266	0.230171423	0.066155147	0.947470236	0.998617174	-5.867787396
H	AFG3L2	-0.008177282	-4.486038832	-0.062111709	0.950676553	0.998617174	-5.86803035
H	IGKV3-20	0.007120908	0.917455791	0.049446488	0.96072472	0.998617174	-5.868692231
H	LCP1	-0.010893492	-2.954760244	-0.049338213	0.960810652	0.998617174	-5.868697242
H	IGLV3-21	0.013467287	-1.405592181	0.04038609	0.967916961	0.998617174	-5.869073521
H	TGFBI	-0.007255293	-2.330024464	-0.037849499	0.969931039	0.998617174	-5.869166489
H	LBP	0.004031144	-1.616452284	0.033860537	0.973098706	0.998617174	-5.869300494
H	IGHG2	0.005491798	5.18926728	0.028930802	0.977014044	0.998617174	-5.869445507
H	CD14	-0.005032878	-1.059467422	-0.02886089	0.977069574	0.998617174	-5.869447399
H	MAP4	-0.003443948	-0.384188921	-0.02793047	0.977808609	0.998617174	-5.869472153
H	APOC1	-0.003045153	1.401813558	-0.021348781	0.983036978	0.998617174	-5.869624098
H	CFB	-0.001076272	4.91750772	-0.015427039	0.987741742	0.998617174	-5.869726122
H	GPX3	0.001347534	0.018347401	0.013659472	0.989146149	0.998617174	-5.869750207
H	ARHGAP19	-0.001644391	-5.026992341	-0.012213543	0.990295026	0.998617174	-5.869767733
H	HBD	-0.000963091	-3.017670262	-0.006765644	0.994623874	0.998617174	-5.869816172
H	CLEC3B	-0.00044797	-0.988169315	-0.003934213	0.996873774	0.998617174	-5.869830365
H	RBP4	0.000177183	1.723489924	0.00174022	0.998617174	0.998617174	-5.869836198
